t; x; y; theta
12249709.250998; 0.00; 0.00; 90.84
12264401.513000; 0.00; 0.00; 90.84
12281346.989999; 0.00; 0.00; 90.84
12298240.329000; 0.00; 0.00; 90.84
12315188.159999; 0.00; 0.00; 90.84
12328956.485999; 0.00; 0.00; 90.84
12345901.872999; 0.00; 0.00; 90.84
12362816.921999; 0.00; 0.00; 90.84
12376587.802999; 0.00; 0.00; 90.84
12394055.731998; 0.00; 0.00; 90.84
12408898.987999; 0.00; 0.00; 90.84
12425827.862999; 0.00; 0.00; 90.84
12440578.414999; 0.00; 0.00; 90.84
12457740.178999; 0.00; 0.00; 90.84
12474654.265999; 0.00; 0.00; 90.84
12489271.478000; 0.00; 0.00; 90.84
12506183.140999; 0.00; 0.00; 90.84
12520341.609999; 0.00; 0.00; 90.84
12537240.549000; 0.00; 0.00; 90.84
12554185.835999; 0.00; 0.00; 90.84
12568743.275000; 0.00; 0.00; 90.84
12585650.168999; 0.00; 0.00; 90.84
12602602.940000; 0.00; 0.00; 90.84
12617210.072000; 0.00; 0.00; 90.84
12634198.248998; 0.00; 0.00; 90.84
12648708.598999; 0.00; 0.00; 90.84
12665645.599998; 0.00; 0.00; 90.84
12682583.993999; 0.00; 0.00; 90.84
12697185.094999; 0.00; 0.00; 90.84
12714120.482999; 0.00; 0.00; 90.84
12728709.860999; 0.00; 0.00; 90.84
12745651.431000; 0.00; 0.00; 90.84
12760719.679999; 0.00; 0.00; 90.84
12777717.485001; 0.00; 0.00; 90.84
12794629.688999; 0.00; 0.00; 90.84
12808407.883999; 0.00; 0.00; 90.84
12825350.244999; 0.00; 0.00; 90.84
12842315.538999; 0.00; 0.00; 90.84
12856323.955999; 0.00; 0.00; 90.84
12873248.923999; 0.00; 0.00; 90.84
12890192.457000; 0.00; 0.00; 90.84
12904951.424998; 0.00; 0.00; 90.84
12921190.633999; 0.00; 0.00; 90.84
12938187.186998; 0.00; 0.00; 90.84
12952938.279999; 0.00; 0.00; 90.84
12970188.128999; 0.00; 0.00; 90.84
12985057.683999; 0.00; 0.00; 90.84
13002016.846999; 0.00; 0.00; 90.84
13018978.934999; 0.00; 0.00; 90.84
13032757.910999; 0.00; 0.00; 90.84
13049704.829999; 0.00; 0.00; 90.84
13066645.247999; 0.00; 0.00; 90.84
13080704.280000; 0.00; 0.00; 90.84
13097664.864999; 0.00; 0.00; 90.84
13114606.655000; 0.00; 0.00; 90.84
13129357.127000; 0.00; 0.00; 90.84
13146296.842999; 0.00; 0.00; 90.84
13161165.957000; 0.00; 0.00; 90.84
13178115.250998; 0.00; 0.00; 90.84
13192378.406998; 0.00; 0.00; 90.84
13209308.454999; 0.00; 0.00; 90.84
13226240.275999; 0.00; 0.00; 90.84
13241332.760999; 0.00; 0.00; 90.84
13258249.743999; 0.00; 0.00; 90.84
13272609.039999; 0.00; 0.00; 90.84
13289922.508999; 0.00; 0.00; 90.84
13304481.520999; 0.00; 0.00; 90.84
13321414.212999; 0.00; 0.00; 90.84
13338358.226999; 0.00; 0.00; 90.84
13355299.987000; 0.00; 0.00; 90.84
13369056.199999; 0.00; 0.00; 90.84
13386004.221999; 0.00; 0.00; 90.84
13402938.206999; 0.00; 0.00; 90.84
13416708.406998; 0.00; 0.00; 90.84
13433656.407999; 0.00; 0.00; 90.84
13448362.626999; 0.00; 0.00; 90.84
13465456.802999; 0.00; 0.00; 90.84
13482414.683000; 0.00; 0.00; 90.84
13499366.771998; 0.00; 0.00; 90.84
13513116.172999; 0.00; 0.00; 90.84
13530055.167000; 0.00; 0.00; 90.84
13544829.242999; 0.00; 0.00; 90.84
13561778.497000; 0.00; 0.00; 90.84
13578722.912000; 0.00; 0.00; 90.84
13592968.915998; 0.00; 0.00; 90.84
13609871.922999; 0.00; 0.00; 90.84
13624610.651999; 0.00; 0.00; 90.84
13641539.337999; 0.00; 0.00; 90.84
13658478.982999; 0.00; 0.00; 90.84
13673112.404999; 0.00; 0.00; 90.84
13690068.651999; 0.00; 0.00; 90.84
13705126.221000; 0.00; 0.00; 90.84
13722057.510999; 0.00; 0.00; 90.84
13739001.514999; 0.00; 0.00; 90.84
13752764.992000; 0.00; 0.00; 90.84
13769700.509999; 0.00; 0.00; 90.84
13786643.611999; 0.00; 0.00; 90.84
13800921.956999; 0.00; 0.00; 90.84
13817863.796999; 0.00; 0.00; 90.84
13834813.662000; 0.00; 0.00; 90.84
13848590.883999; 0.00; 0.00; 90.84
13865535.659999; 0.00; 0.00; 90.84
13880337.148000; 0.00; 0.00; 90.84
13897435.782000; 0.00; 0.00; 90.84
13914439.427999; 0.00; 0.00; 90.84
13931200.488999; 0.00; 0.00; 90.84
13945583.008999; 0.00; 0.00; 90.84
13962651.867000; 0.00; 0.00; 90.84
13977195.660999; 0.00; 0.00; 90.84
13994113.516000; 0.00; 0.00; 90.84
14008930.683000; 0.00; 0.00; 90.84
14025877.131000; 0.00; 0.00; 90.84
14040533.525999; 0.00; 0.00; 90.84
14057475.345999; 0.00; 0.00; 90.84
14074417.666999; 0.00; 0.00; 90.84
14088466.088999; 0.00; 0.00; 90.84
14105414.601999; 0.00; 0.00; 90.84
14122376.759999; 0.00; 0.00; 90.84
14139300.907000; 0.00; 0.00; 90.84
14153057.980999; 0.00; 0.00; 90.84
14170014.738998; 0.00; 0.00; 90.84
14186937.103000; 0.00; 0.00; 90.84
14201117.512999; 0.00; 0.00; 90.84
14218117.933000; 0.00; 0.00; 90.84
14232739.483000; 0.00; 0.00; 90.84
14249702.902999; 0.00; 0.00; 90.84
14266649.242000; 0.00; 0.00; 90.84
14281353.906998; 0.00; 0.00; 90.84
14299055.605000; 0.00; 0.00; 90.84
14313045.216999; 0.00; 0.00; 90.84
14330006.843999; 0.00; 0.00; 90.84
14344660.504000; 0.00; 0.00; 90.84
14361591.883999; 0.00; 0.00; 90.84
14378542.239999; 0.00; 0.00; 90.84
14392849.608999; 0.00; 0.00; 90.84
14410727.527999; 0.00; 0.00; 90.84
14424741.475999; 0.00; 0.00; 90.84
14441721.478000; 0.00; 0.00; 90.84
14458650.183000; 0.00; 0.00; 90.84
14473431.782999; 0.00; 0.00; 90.84
14490358.413999; 0.00; 0.00; 90.84
14507304.521999; 0.00; 0.00; 90.84
14521056.447000; 0.00; 0.00; 90.84
14538009.608999; 0.00; 0.00; 90.84
14552660.442999; 0.00; 0.00; 90.84
14569586.813999; 0.00; 0.00; 90.84
14586527.501999; 0.00; 0.00; 90.84
14601268.124999; 0.00; 0.00; 90.84
14618182.763999; 0.00; 0.00; 90.84
14635116.138000; 0.00; 0.00; 90.84
14648887.178999; 0.00; 0.00; 90.84
14665819.119999; 0.00; 0.00; 90.84
14682758.214999; 0.00; 0.00; 90.84
14696538.492999; 0.00; 0.00; 90.84
14713490.592999; 0.00; 0.00; 90.84
14730434.055999; 0.00; 0.00; 90.84
14744935.478999; 0.00; 0.00; 90.84
14761881.957999; 0.00; 0.00; 90.84
14776481.756999; 0.00; 0.00; 90.84
14793427.523999; 0.00; 0.00; 90.84
14810370.816998; 0.00; 0.00; 90.84
14827311.954999; 0.00; 0.00; 90.84
14841114.384999; 0.00; 0.00; 90.84
14858054.632000; 0.00; 0.00; 90.84
14875247.694999; 0.00; 0.00; 90.84
14889183.153999; 0.00; 0.00; 90.84
14906132.669001; 0.00; 0.00; 90.84
14922056.957000; 0.00; 0.00; 90.84
14936365.837999; 0.00; 0.00; 90.84
14953375.025000; 0.00; 0.00; 90.84
14970313.247999; 0.00; 0.00; 90.84
14987251.150999; 0.00; 0.00; 90.84
15001035.355999; 0.00; 0.00; 90.84
15018004.507999; 0.00; 0.00; 90.84
15034951.797999; 0.00; 0.00; 90.84
15049113.021999; 0.00; 0.00; 90.84
15066056.846000; 0.00; 0.00; 90.84
15080837.483999; 0.00; 0.00; 90.84
15097773.001999; 0.00; 0.00; 90.84
15112273.493999; 0.00; 0.00; 90.84
15129198.502999; 0.00; 0.00; 90.84
15146114.153000; 0.00; 0.00; 90.84
15163057.846999; 0.00; 0.00; 90.84
15176845.698999; 0.00; 0.00; 90.84
15193785.275000; 0.00; 0.00; 90.84
15210720.872999; 0.00; 0.00; 90.84
15224902.256000; 0.00; 0.00; 90.84
15241829.046999; 0.00; 0.00; 90.84
15256588.556000; 0.00; 0.00; 90.84
15273545.002999; 0.00; 0.00; 90.84
15290482.514999; 0.00; 0.00; 90.84
15304332.013999; 0.00; 0.00; 90.84
15321252.113000; 0.00; 0.00; 90.84
15338195.795999; 0.00; 0.00; 90.84
15352684.936998; 0.00; 0.00; 90.84
15369667.913999; 0.00; 0.00; 90.84
15386605.957000; 0.00; 0.00; 90.84
15401023.993999; 0.00; 0.00; 90.84
15417961.865998; 0.00; 0.00; 90.84
15432488.837999; 0.00; 0.00; 90.84
15449430.417999; 0.00; 0.00; 90.84
15466368.690999; 0.00; 0.00; 90.84
15483310.660999; 0.00; 0.00; 90.84
15497055.532999; 0.00; 0.00; 90.84
15514024.423999; 0.00; 0.00; 90.84
15528592.242000; 0.00; 0.00; 90.84
15545552.846999; 0.00; 0.00; 90.84
15562482.223999; 0.00; 0.00; 90.84
15577017.891999; 0.00; 0.00; 90.84
15593937.900999; 0.00; 0.00; 90.84
15610886.823999; 0.00; 0.00; 90.84
15624748.865999; 0.00; 0.00; 90.84
15641705.693999; 0.00; 0.00; 90.84
15656337.362999; 0.00; 0.00; 90.84
15673311.312999; 0.00; 0.00; 90.84
15690258.452999; 0.00; 0.00; 90.84
15704926.759999; 0.00; 0.00; 90.84
15721882.907000; 0.00; 0.00; 90.84
15738817.273000; 0.00; 0.00; 90.84
15752621.195999; 0.00; 0.00; 90.84
15769576.961999; 0.00; 0.00; 90.84
15784371.756999; 0.00; 0.00; 90.84
15801306.112999; 0.00; 0.00; 90.84
15818245.998998; 0.00; 0.00; 90.84
15832872.757998; 0.00; 0.00; 90.84
15849837.791999; 0.00; 0.00; 90.84
15864386.333999; 0.00; 0.00; 90.84
15881324.917999; 0.00; 0.00; 90.84
15898271.837999; 0.00; 0.00; 90.84
15912928.363000; 0.00; 0.00; 90.84
15929179.535000; 0.00; 0.00; 90.84
15946116.104999; 0.00; 0.00; 90.84
15960757.310999; 0.00; 0.00; 90.84
15977726.992999; 0.00; 0.00; 90.84
15994682.508999; 0.00; 0.00; 90.84
16008562.043999; 0.00; 0.00; 90.84
16025491.079999; 0.00; 0.00; 90.84
16042424.503999; 0.00; 0.00; 90.84
16059360.612999; 0.00; 0.00; 90.84
16073115.473999; 0.00; 0.00; 90.84
16090056.112000; 0.00; 0.00; 90.84
16107009.914000; 0.00; 0.00; 90.84
16121116.374999; 0.00; 0.00; 90.84
16138054.749000; 0.00; 0.00; 90.84
16152783.849999; 0.00; 0.00; 90.84
16169721.381999; 0.00; 0.00; 90.84
16186651.159999; 0.00; 0.00; 90.84
16200448.830999; 0.00; 0.00; 90.84
16217366.684999; 0.00; 0.00; 90.84
16234307.883999; 0.00; 0.00; 90.84
16251253.240999; 0.00; 0.00; 90.84
16265035.171999; 0.00; 0.00; 90.84
16281969.999000; 0.00; 0.00; 90.84
16298894.005999; 0.00; 0.00; 90.84
16313261.286999; 0.00; 0.00; 90.84
16330189.701999; 0.00; 0.00; 90.84
16344625.723000; 0.00; 0.00; 90.84
16361737.471999; 0.00; 0.00; 90.84
16378648.784999; 0.00; 0.00; 90.84
16392427.770000; 0.00; 0.00; 90.84
16409362.367000; 0.00; 0.00; 90.84
16426310.227999; 0.00; 0.00; 90.84
16443252.378999; 0.00; 0.00; 90.84
16457286.653999; 0.00; 0.00; 90.84
16474257.728999; 0.00; 0.00; 90.84
16491249.212999; 0.00; 0.00; 90.84
16505116.033999; 0.00; 0.00; 90.84
16522054.808000; 0.00; 0.00; 90.84
16536783.718999; 0.00; 0.00; 90.84
16553712.053999; 0.00; 0.00; 90.84
16570644.675999; 0.00; 0.00; 90.84
16584508.801999; 0.00; 0.00; 90.84
16601427.458999; 0.00; 0.00; 90.84
16618388.864999; 0.00; 0.00; 90.84
16633015.363998; 0.00; 0.00; 90.84
16649945.992999; 0.00; 0.00; 90.84
16664698.077999; 0.00; 0.00; 90.84
16681636.360999; 0.00; 0.00; 90.84
16698608.999000; 0.00; 0.00; 90.84
16712747.760999; 0.00; 0.00; 90.84
16729706.993999; 0.00; 0.00; 90.84
16744416.106999; 0.00; 0.00; 90.84
16761361.424000; 0.00; 0.00; 90.84
16778302.421999; 0.00; 0.00; 90.84
16792821.098000; 0.00; 0.00; 90.84
16809773.066999; 0.00; 0.00; 90.84
16826714.547000; 0.00; 0.00; 90.84
16840493.723000; 0.00; 0.00; 90.84
16857414.893999; 0.00; 0.00; 90.84
16874370.689999; 0.00; 0.00; 90.84
16888886.971999; 0.00; 0.00; 90.84
16905823.221000; 0.00; 0.00; 90.84
16921767.586999; 0.00; 0.00; 90.84
16936315.367999; 0.00; 0.00; 90.84
16953319.444999; 0.00; 0.00; 90.84
16970249.882998; 0.00; 0.00; 90.84
16984843.549999; 0.00; 0.00; 90.84
17001765.642999; 0.00; 0.00; 90.84
17018712.722999; 0.00; 0.00; 90.84
17032508.761000; 0.00; 0.00; 90.84
17049416.577001; 0.00; 0.00; 90.84
17066366.020999; 0.00; 0.00; 90.84
17080368.666999; 0.00; 0.00; 90.84
17097300.928999; 0.00; 0.00; 90.84
17114251.805999; 0.00; 0.00; 90.84
17128759.200999; 0.00; 0.00; 90.84
17145708.103999; 0.00; 0.00; 90.84
17162668.398999; 0.00; 0.00; 90.84
17176492.379000; 0.00; 0.00; 90.84
17193431.533999; 0.00; 0.00; 90.84
17210358.136000; 0.00; 0.00; 90.84
17227298.702999; 0.00; 0.00; 90.84
17241107.164999; 0.00; 0.00; 90.84
17258054.193999; 0.00; 0.00; 90.84
17272341.575999; 0.00; 0.00; 90.84
17289243.761000; 0.00; 0.00; 90.84
17306186.813999; 0.00; 0.00; 90.84
17320798.523999; 0.00; 0.00; 90.84
17337711.400000; 0.00; 0.00; 90.84
17354661.004999; 0.00; 0.00; 90.84
17368573.320999; 0.00; 0.00; 90.84
17385522.815000; 0.00; 0.00; 90.84
17402477.629999; 0.00; 0.00; 90.84
17417258.107999; 0.00; 0.00; 90.84
17434727.388999; 0.00; 0.00; 90.84
17449280.699999; 0.00; 0.00; 90.84
17466200.188000; 0.00; 0.00; 90.84
17480481.046999; 0.00; 0.00; 90.84
17497416.304998; 0.00; 0.00; 90.84
17514369.105999; 0.00; 0.00; 90.84
17529012.716000; 0.00; 0.00; 90.84
17545946.570999; 0.00; 0.00; 90.84
17562886.848000; 0.00; 0.00; 90.84
17576645.786999; 0.00; 0.00; 90.84
17594027.502999; 0.00; 0.00; 90.84
17611111.921000; 0.00; 0.00; 90.84
17625054.884999; 0.00; 0.00; 90.84
17642007.344999; 0.00; 0.00; 90.84
17658964.283999; 0.00; 0.00; 90.84
17672770.681000; 0.00; 0.00; 90.84
17689703.844999; 0.00; 0.00; 90.84
17706650.633999; 0.00; 0.00; 90.84
17721334.229999; 0.00; 0.00; 90.84
17738277.492999; 0.00; 0.00; 90.84
17755235.273000; 0.00; 0.00; 90.84
17769054.603999; 0.00; 0.00; 90.84
17786003.697999; 0.00; 0.00; 90.84
17802950.266999; 0.00; 0.00; 90.84
17816938.245998; 0.00; 0.00; 90.84
17833906.444999; 0.00; 0.00; 90.84
17850907.706999; 0.00; 0.00; 90.84
17864779.115999; 0.00; 0.00; 90.84
17881707.059999; 0.00; 0.00; 90.84
17898651.033998; 0.00; 0.00; 90.84
17912996.094000; 0.00; 0.00; 90.84
17929313.680999; 0.00; 0.00; 90.84
17946262.453999; 0.00; 0.00; 90.84
17960433.276000; 0.00; 0.00; 90.84
17977363.143999; 0.00; 0.00; 90.84
17994303.740999; 0.00; 0.00; 90.84
18009057.408999; 0.00; 0.00; 90.84
18026014.126999; 0.00; 0.00; 90.84
18042961.888000; 0.00; 0.00; 90.84
18056714.113999; 0.00; 0.00; 90.84
18073666.643999; 0.00; 0.00; 90.84
18090597.402999; 0.00; 0.00; 90.84
18105172.805999; 0.00; 0.00; 90.84
18122140.253999; 0.00; 0.00; 90.84
18136765.059000; 0.00; 0.00; 90.84
18153724.431999; 0.00; 0.00; 90.84
18168411.785000; 0.00; 0.00; 90.84
18185380.424999; 0.00; 0.00; 90.84
18202350.888999; 0.00; 0.00; 90.84
18217057.207999; 0.00; 0.00; 90.84
18234018.113999; 0.00; 0.00; 90.84
18250984.659999; 0.00; 0.00; 90.84
18264778.594000; 0.00; 0.00; 90.84
18281709.753999; 0.00; 0.00; 90.84
18298657.775999; 0.00; 0.00; 90.84
18312976.134998; 0.00; 0.00; 90.84
18329893.178999; 0.00; 0.00; 90.84
18344558.790998; 0.00; 0.00; 90.84
18361483.377999; 0.00; 0.00; 90.84
18378425.188000; 0.00; 0.00; 90.84
18393047.608999; 0.00; 0.00; 90.84
18410005.278999; 0.00; 0.00; 90.84
18426950.636000; 0.00; 0.00; 90.84
18440705.296000; 0.00; 0.00; 90.84
18457645.382999; 0.00; 0.00; 90.84
18474610.466000; 0.00; 0.00; 90.84
18488589.277999; 0.00; 0.00; 90.84
18505537.338999; 0.00; 0.00; 90.84
18522480.531998; 0.00; 0.00; 90.84
18536506.952999; 0.00; 0.00; 90.84
18553475.482999; 0.00; 0.00; 90.84
18570431.098999; 0.00; 0.00; 90.84
18584505.619999; 0.00; 0.00; 90.84
18601421.350999; 0.00; 0.00; 90.84
18618375.503999; 0.00; 0.00; 90.84
18632406.142999; 0.00; 0.00; 90.84
18649357.730999; 0.00; 0.00; 90.84
18666304.299999; 0.00; 0.00; 90.84
18680989.017999; 0.00; 0.00; 90.84
18697975.683000; 0.00; 0.00; 90.84
18714980.320999; 0.00; 0.00; 90.84
18728761.550999; 0.00; 0.00; 90.84
18745710.454000; 0.00; 0.00; 90.84
18762673.183000; 0.00; 0.00; 90.84
18776995.690999; 0.00; 0.00; 90.84
18793947.999999; 0.00; 0.00; 90.84
18810902.464000; 0.00; 0.00; 90.84
18824690.456999; 0.00; 0.00; 90.84
18841655.230000; 0.00; 0.00; 90.84
18858590.737999; 0.00; 0.00; 90.84
18873330.148999; 0.00; 0.00; 90.84
18890245.830000; 0.00; 0.00; 90.84
18904766.358999; 0.00; 0.00; 90.84
18921378.469999; 0.00; 0.00; 90.84
18938306.212998; 0.00; 0.00; 90.84
18952701.707999; 0.00; 0.00; 90.84
18969653.546000; 0.00; 0.00; 90.84
18984478.838999; 0.00; 0.00; 90.84
19001430.646999; 0.00; 0.00; 90.84
19018363.761000; 0.00; 0.00; 90.84
19035327.311999; 0.00; 0.00; 90.84
19049057.305999; 0.00; 0.00; 90.84
19066017.890999; 0.00; 0.00; 90.84
19082945.624000; 0.00; 0.00; 90.84
19096744.587999; 0.00; 0.00; 90.84
t; x; y; theta
5874737.047000; 0.00; 0.00; 0.00
5888519.419000; 0.00; 0.00; 0.00
5905518.526000; 0.00; 0.00; 0.00
5920320.505000; 0.00; 0.00; 0.00
5937248.489000; 0.00; 0.00; 0.00
5954192.653000; 0.00; 0.00; 0.00
5971087.054000; 0.00; 0.00; 0.00
5984861.331000; 0.00; 0.00; 0.00
6001784.316000; 0.00; 0.00; 0.00
6016502.657001; 0.00; 0.00; 0.00
6033425.281000; 0.00; 0.00; 0.00
6050379.224000; 0.00; 0.00; 0.00
6064900.104000; 0.00; 0.00; 0.00
6081862.813000; 0.00; 0.00; 0.00
6096671.885000; 0.00; 0.00; 0.00
6113935.559999; 0.00; 0.00; 0.00
6128414.872001; 0.00; 0.00; 0.00
6145371.549000; 0.00; 0.00; 0.00
6162299.303000; 0.00; 0.00; 0.00
6177178.577000; 0.00; 0.00; 0.00
6194166.443001; 0.00; 0.00; 0.00
6211072.135000; 0.00; 0.00; 0.00
6224845.089999; 0.00; 0.00; 0.00
6241815.914001; 0.00; 0.00; 0.00
6258729.621000; 0.00; 0.00; 0.00
6272543.823000; 0.00; 0.00; 0.00
6289856.641000; 0.00; 0.00; 0.00
6306791.396999; 0.00; 0.00; 0.00
6321118.613999; 0.00; 0.00; 0.00
6338089.769000; 0.00; 0.00; 0.00
6352803.992000; 0.00; 0.00; 0.00
6369741.364000; 0.00; 0.00; 0.00
6384534.596000; 0.00; 0.00; 0.00
6401515.900000; 0.00; 0.00; 0.00
6418423.795999; 0.00; 0.00; 0.00
6433136.726999; 0.00; 0.00; 0.00
6450084.068000; 0.00; 0.00; 0.00
6464237.086000; 0.00; 0.00; 0.00
6481419.308000; 0.00; 0.00; 0.00
6498379.683000; 0.00; 0.00; 0.00
6512844.969000; 0.00; 0.00; 0.00
6528878.101000; 0.00; 0.00; 0.00
6545804.121000; 0.00; 0.00; 0.00
6562731.324000; 0.00; 0.00; 0.00
6576514.538000; 0.00; 0.00; 0.00
6593430.619000; 0.00; 0.00; 0.00
6610360.356000; 0.00; 0.00; 0.00
6625114.896000; 0.00; 0.00; 0.00
6642218.209000; 0.00; 0.00; 0.00
6659129.091000; 0.00; 0.00; 0.00
6672904.560000; 0.00; 0.00; 0.00
6689920.930000; 0.00; 0.00; 0.00
6707077.384001; 0.00; 0.00; 0.00
6720911.844001; 0.00; 0.00; 0.00
6737851.670000; 0.00; 0.00; 0.00
6752672.884999; 0.00; 0.00; 0.00
6769958.259999; 0.00; 0.00; 0.00
6784928.695001; 0.00; 0.00; 0.00
6801793.140000; 0.00; 0.00; 0.00
6816540.796000; 0.00; 0.00; 0.00
6833539.122000; 0.00; 0.00; 0.00
6850515.407000; 0.00; 0.00; 0.00
6864931.681000; 0.00; 0.00; 0.00
6881830.850000; 0.00; 0.00; 0.00
6896411.543000; 0.00; 0.00; 0.00
6913353.693999; 0.00; 0.00; 0.00
6930249.427000; 0.00; 0.00; 0.00
6944433.404000; 0.00; 0.00; 0.00
6961363.632000; 0.00; 0.00; 0.00
6978315.160000; 0.00; 0.00; 0.00
6992538.731999; 0.00; 0.00; 0.00
7009491.713000; 0.00; 0.00; 0.00
7026448.280000; 0.00; 0.00; 0.00
7041043.230000; 0.00; 0.00; 0.00
7057956.676000; 0.00; 0.00; 0.00
7074910.279000; 0.00; 0.00; 0.00
7088677.342000; 0.00; 0.00; 0.00
7105687.711000; 0.00; 0.00; 0.00
7120483.087000; 0.00; 0.00; 0.00
7137424.466000; 0.00; 0.00; 0.00
7154367.658999; 0.00; 0.00; 0.00
7171301.774000; 0.00; 0.00; 0.00
7185104.434000; 0.00; 0.00; 0.00
7202018.652000; 0.00; 0.00; 0.00
7216774.705000; 0.00; 0.00; 0.00
7233728.597000; 0.00; 0.00; 0.00
7248242.474000; 0.00; 0.00; 0.00
7265190.255000; 0.00; 0.00; 0.00
7282127.286000; 0.00; 0.00; 0.00
7299077.322001; 0.00; 0.00; 0.00
7313047.587000; 0.00; 0.00; 0.00
7329960.101999; 0.00; 0.00; 0.00
7346910.377999; 0.00; 0.00; 0.00
7360665.108000; 0.00; 0.00; 0.00
7377596.698999; 0.00; 0.00; 0.00
7392279.554000; 0.00; 0.00; 0.00
7409183.933001; 0.00; 0.00; 0.00
7426135.251000; 0.00; 0.00; 0.00
7440916.991000; 0.00; 0.00; 0.00
7457842.340000; 0.00; 0.00; 0.00
7474783.359000; 0.00; 0.00; 0.00
7488431.980000; 0.00; 0.00; 0.00
7505370.824000; 0.00; 0.00; 0.00
7522304.207999; 0.00; 0.00; 0.00
7537072.263000; 0.00; 0.00; 0.00
7554016.717999; 0.00; 0.00; 0.00
7570974.107000; 0.00; 0.00; 0.00
7584788.339000; 0.00; 0.00; 0.00
7601725.520000; 0.00; 0.00; 0.00
7618670.146000; 0.00; 0.00; 0.00
7632460.854000; 0.00; 0.00; 0.00
7649361.396000; 0.00; 0.00; 0.00
7666321.090000; 0.00; 0.00; 0.00
7680898.396000; 0.00; 0.00; 0.00
7697847.750000; 0.00; 0.00; 0.00
7714803.035000; 0.00; 0.00; 0.00
7728540.373000; 0.00; 0.00; 0.00
7745504.884999; 0.00; 0.00; 0.00
7762433.771000; 0.00; 0.00; 0.00
7777009.745000; 0.00; 0.00; 0.00
7793961.183000; 0.00; 0.00; 0.00
7808507.511000; 0.00; 0.00; 0.00
7825448.219001; 0.00; 0.00; 0.00
7842358.149000; 0.00; 0.00; 0.00
7856950.233000; 0.00; 0.00; 0.00
7873905.418000; 0.00; 0.00; 0.00
7888442.629001; 0.00; 0.00; 0.00
7905365.413000; 0.00; 0.00; 0.00
7922302.313000; 0.00; 0.00; 0.00
7936883.096000; 0.00; 0.00; 0.00
7953855.614000; 0.00; 0.00; 0.00
7968491.911000; 0.00; 0.00; 0.00
7985471.111000; 0.00; 0.00; 0.00
8002689.080000; 0.00; 0.00; 0.00
8016763.661000; 0.00; 0.00; 0.00
8033767.638000; 0.00; 0.00; 0.00
8048418.583000; 0.00; 0.00; 0.00
8065299.979000; 0.00; 0.00; 0.00
8082260.074000; 0.00; 0.00; 0.00
8096917.961000; 0.00; 0.00; 0.00
8113908.733000; 0.00; 0.00; 0.00
8128368.188001; 0.00; 0.00; 0.00
8145368.237000; 0.00; 0.00; 0.00
8162304.978000; 0.00; 0.00; 0.00
8179265.563000; 0.00; 0.00; 0.00
8193012.298000; 0.00; 0.00; 0.00
8209956.473000; 0.00; 0.00; 0.00
8224384.318000; 0.00; 0.00; 0.00
8241301.011001; 0.00; 0.00; 0.00
8258247.079000; 0.00; 0.00; 0.00
8272306.201000; 0.00; 0.00; 0.00
8289238.443000; 0.00; 0.00; 0.00
8306193.948999; 0.00; 0.00; 0.00
8320960.781000; 0.00; 0.00; 0.00
8337904.144000; 0.00; 0.00; 0.00
8352451.113000; 0.00; 0.00; 0.00
8369361.304000; 0.00; 0.00; 0.00
8386308.564000; 0.00; 0.00; 0.00
8400929.893001; 0.00; 0.00; 0.00
8417841.807000; 0.00; 0.00; 0.00
8432225.649000; 0.00; 0.00; 0.00
8449133.545000; 0.00; 0.00; 0.00
8466087.699000; 0.00; 0.00; 0.00
8480772.387000; 0.00; 0.00; 0.00
8497256.426000; 0.00; 0.00; 1.48
8514208.425000; 0.00; 0.00; 3.01
8529018.649000; 0.00; 0.00; 4.33
8546182.446000; 0.00; 0.00; 5.88
8563132.752001; 0.00; 0.00; 7.41
8576903.342000; 0.00; 0.00; 8.64
8593839.943000; 0.00; 0.00; 10.17
8610812.961000; 0.00; 0.00; 11.69
8625278.397000; 0.00; 0.00; 12.99
8642187.716000; 0.00; 0.00; 14.52
8659127.001000; 0.00; 0.00; 16.04
8672901.087999; 0.00; 0.00; 17.28
8689838.158999; 0.00; 0.00; 18.80
8706787.663000; 0.00; 0.00; 20.32
8720722.612000; 0.00; 0.00; 21.58
8737666.907000; 0.00; 0.00; 23.10
8752301.401000; 0.00; 0.00; 24.42
8769241.948000; 0.00; 0.00; 25.94
8786192.184000; 0.00; 0.00; 27.47
8800729.645000; 0.00; 0.00; 28.77
8817669.330999; 0.00; 0.00; 30.30
8834598.887999; 0.00; 0.00; 31.82
8849070.706000; 0.00; 0.00; 33.12
8866019.690000; 0.00; 0.00; 34.64
8880527.255000; 0.00; 0.00; 35.95
8897487.479000; 0.00; 0.00; 37.47
8912210.930000; 0.00; 0.00; 38.80
8929124.367001; 0.00; 0.00; 40.32
8946076.747000; 0.00; 0.00; 41.84
8960697.875000; 0.00; 0.00; 43.16
8977597.666000; 0.00; 0.00; 44.68
8992432.535999; 0.00; 0.00; 46.01
9009357.895000; 0.00; 0.00; 47.53
9026311.978000; 0.00; 0.00; 49.06
9040895.276000; 0.00; 0.00; 50.37
9057848.207001; 0.00; 0.00; 51.89
9074785.198000; 0.00; 0.00; 53.42
9088538.365000; 0.00; 0.00; 54.66
9105510.782001; 0.00; 0.00; 56.18
9122412.838000; 0.00; 0.00; 57.70
9137000.984000; 0.00; 0.00; 59.01
9153970.156000; 0.00; 0.00; 60.54
9168600.521000; 0.00; 0.00; 61.85
9185541.560000; 0.00; 0.00; 63.38
9202494.771000; 0.00; 0.00; 64.90
9217059.493999; 0.00; 0.00; 66.21
9234020.179000; 0.00; 0.00; 67.74
9248538.515000; 0.00; 0.00; 69.05
9265477.760000; 0.00; 0.00; 70.56
9282429.177999; 0.00; 0.00; 72.09
9296964.565000; 0.00; 0.00; 73.40
9313937.544001; 0.00; 0.00; 74.92
9328507.446000; 0.00; 0.00; 76.23
9346067.667999; 0.00; 0.00; 77.81
9360776.632000; 0.00; 0.00; 79.13
9377725.004000; 0.00; 0.00; 80.66
9392418.429000; 0.00; 0.00; 81.98
9409370.207001; 0.00; 0.00; 83.50
9426301.037001; 0.00; 0.00; 85.03
9440334.070000; 0.00; 0.00; 86.29
9457262.264000; 0.00; 0.00; 87.81
9474195.818999; 0.00; 0.00; 89.33
9490140.074000; 0.00; 0.00; 89.82
9507279.405000; 0.00; 0.00; 89.83
9521084.821000; 0.00; 0.00; 89.84
9538010.400001; 0.00; 0.00; 89.86
9552272.514000; 0.00; 0.00; 89.87
9569189.597000; 0.00; 0.00; 89.88
9586131.698000; 0.00; 0.00; 89.90
9600852.394000; 0.00; 0.00; 89.91
9617779.065000; 0.00; 0.00; 89.92
9634725.634001; 0.00; 0.00; 89.94
9648496.434000; 0.00; 0.00; 89.95
9665441.531000; 0.00; 0.00; 89.96
9682367.350000; 0.00; 0.00; 89.98
9696491.475000; 0.00; 0.00; 89.99
9713685.609000; 0.00; 0.00; 90.00
9730608.123000; 0.00; 0.00; 90.02
9745057.338000; 0.00; 0.00; 90.03
9762021.200000; 0.00; 0.00; 90.04
9778983.107000; 0.00; 0.00; 90.06
9792735.994000; 0.00; 0.00; 90.07
9809680.449000; 0.00; 0.00; 90.08
9826806.195000; 0.00; 0.00; 90.10
9841111.329000; 0.00; 0.00; 90.11
9858078.677000; 0.00; 0.00; 90.12
9872894.342000; 0.00; 0.00; 90.14
9889839.247000; 0.00; 0.00; 90.15
9906785.636000; 0.00; 0.00; 90.16
9920816.144000; 0.00; 0.00; 90.17
9937729.731000; 0.00; 0.00; 90.19
9952501.844000; 0.00; 0.00; 90.20
9969417.414001; 0.00; 0.00; 90.21
9986369.093000; 0.00; 0.00; 90.23
10000166.433001; 0.00; 0.00; 90.24
10017098.203999; 0.00; 0.00; 90.25
10034027.339999; 0.00; 0.00; 90.27
10050985.782000; 0.00; 0.00; 90.28
10064969.001000; 0.00; 0.00; 90.29
10082087.223000; 0.00; 0.00; 90.31
10096880.665000; 0.00; 0.00; 90.32
10113980.282000; 0.00; 0.00; 90.33
10128858.944000; 0.00; 0.00; 90.35
10145975.493000; 0.00; 0.00; 90.36
10160597.672999; 0.00; 0.00; 90.37
10177539.814000; 0.00; 0.00; 90.39
10194494.678000; 0.00; 0.00; 90.40
10208249.168000; 0.00; 0.00; 90.41
10225238.467000; 0.00; 0.00; 90.43
10242195.585999; 0.00; 0.00; 90.44
10257169.518001; 0.00; 0.00; 90.45
10274252.854000; 0.00; 0.00; 90.47
10288857.181000; 0.00; 0.00; 90.48
10305786.808001; 0.00; 0.00; 90.49
10320354.195000; 0.00; 0.00; 90.50
10337309.000000; 0.00; 0.00; 90.52
10354260.778000; 0.00; 0.00; 90.53
10368303.299000; 0.00; 0.00; 90.54
10385248.014999; 0.00; 0.00; 90.56
10402542.858000; 0.00; 0.00; 90.57
10416318.276999; 0.00; 0.00; 90.58
10433249.648000; 0.00; 0.00; 90.60
10450431.930000; 0.00; 0.00; 90.61
10464598.303000; 0.00; 0.00; 90.62
10481538.851001; 0.00; 0.00; 90.64
10496283.702001; 0.00; 0.00; 90.64
10513418.755000; 0.00; 0.00; 90.64
10530352.751000; 0.00; 0.00; 90.64
10547448.510000; 0.00; 0.00; 90.64
10561301.575001; 0.00; 0.00; 90.64
10578241.782000; 0.00; 0.00; 90.64
10592189.886000; 0.00; 0.00; 90.64
10609687.530000; 0.00; 0.00; 90.64
10626689.523000; 0.00; 0.00; 90.64
10640459.292000; 0.00; 0.00; 90.64
10657354.524000; 0.00; 0.00; 90.64
10672466.154000; 0.00; 0.00; 90.64
10689439.373000; 0.00; 0.00; 90.64
10706375.543000; 0.00; 0.00; 90.64
10721140.482000; 0.00; 0.00; 90.64
10738605.104000; 0.00; 0.00; 90.64
10752597.441000; 0.00; 0.00; 90.64
10769540.583000; 0.00; 0.00; 90.64
10786493.985001; 0.00; 0.00; 90.64
10801040.564000; 0.00; 0.00; 90.64
10818380.231000; 0.00; 0.00; 90.64
10832597.781000; 0.00; 0.00; 90.64
10849541.956000; 0.00; 0.00; 90.64
10866507.220000; 0.00; 0.00; 90.64
10880248.595000; 0.00; 0.00; 90.64
10897182.660000; 0.00; 0.00; 90.64
10914335.497000; 0.00; 0.00; 90.64
10928955.233000; 0.00; 0.00; 90.64
10945994.706000; 0.00; 0.00; 90.64
10960539.381000; 0.00; 0.00; 90.64
10977480.881000; 0.00; 0.00; 90.64
10994433.190000; 0.00; 0.00; 90.64
11009098.221001; 0.00; 0.00; 90.64
11026024.051000; 0.00; 0.00; 90.64
11042961.273001; 0.00; 0.00; 90.64
11057004.245000; 0.00; 0.00; 90.64
11073961.985000; 0.00; 0.00; 90.64
11088691.928000; 0.00; 0.00; 90.64
11105596.868000; 0.00; 0.00; 90.64
11120200.414001; 0.00; 0.00; 90.64
11137698.900000; 0.00; 0.00; 90.64
11152274.202000; 0.00; 0.00; 90.64
11169191.625999; 0.00; 0.00; 90.64
11186708.407000; 0.00; 0.00; 90.64
11200504.645000; 0.00; 0.00; 90.64
11217423.733000; 0.00; 0.00; 90.64
11234525.924000; 0.00; 0.00; 90.64
11249095.155000; 0.00; 0.00; 90.64
11266102.488000; 0.00; 0.00; 90.64
11280809.598000; 0.00; 0.00; 90.64
11297764.483000; 0.00; 0.00; 90.64
11314771.795999; 0.00; 0.00; 90.64
11328540.612000; 0.00; 0.00; 90.64
11345667.120000; 0.00; 0.00; 90.64
11360326.680000; 0.00; 0.00; 90.64
11377251.338000; 0.00; 0.00; 90.64
11394193.739000; 0.00; 0.00; 90.64
11408814.367001; 0.00; 0.00; 90.64
11425734.977000; 0.00; 0.00; 90.64
11440281.966000; 0.00; 0.00; 90.64
11457185.975000; 0.00; 0.00; 90.64
11474142.543000; 0.00; 0.00; 90.64
11490282.355000; 0.00; 0.00; 90.64
11504246.368999; 0.00; 0.00; 90.64
11521184.252000; 0.00; 0.00; 90.64
11538147.250999; 0.00; 0.00; 90.64
11552253.592000; 0.00; 0.00; 90.64
11569182.238000; 0.00; 0.00; 90.64
11586129.547999; 0.00; 0.00; 90.64
11600718.867000; 0.00; 0.00; 90.64
11617665.835999; 0.00; 0.00; 90.64
11634597.858000; 0.00; 0.00; 90.64
11648372.656000; 0.00; 0.00; 90.64
11665310.619000; 0.00; 0.00; 90.64
11682250.635000; 0.00; 0.00; 90.64
11697079.674000; 0.00; 0.00; 90.64
11714017.387000; 0.00; 0.00; 90.64
11728434.802000; 0.00; 0.00; 90.64
11745367.956000; 0.00; 0.00; 90.64
11762325.746000; 0.00; 0.00; 90.64
11777081.797999; 0.00; 0.00; 90.64
11794028.066999; 0.00; 0.00; 90.64
11808538.367001; 0.00; 0.00; 90.64
11825507.628000; 0.00; 0.00; 90.64
11842425.613999; 0.00; 0.00; 90.64
11857044.969001; 0.00; 0.00; 90.64
11873959.738000; 0.00; 0.00; 90.64
11888720.578999; 0.00; 0.00; 90.64
11905680.713000; 0.00; 0.00; 90.64
11922596.403999; 0.00; 0.00; 90.64
11936505.724999; 0.00; 0.00; 90.64
11953458.526000; 0.00; 0.00; 90.64
11970415.023000; 0.00; 0.00; 90.64
11984273.658999; 0.00; 0.00; 90.64
12001192.476000; 0.00; 0.00; 90.64
12018129.226000; 0.00; 0.00; 90.64
12032238.563000; 0.00; 0.00; 90.64
12049190.973000; 0.00; 0.00; 90.64
12066162.148000; 0.00; 0.00; 90.64
12083078.259000; 0.00; 0.00; 90.64
12097005.564000; 0.00; 0.00; 90.64
12113970.798000; 0.00; 0.00; 90.64
12128601.304000; 0.00; 0.00; 90.64
12145541.701000; 0.00; 0.00; 90.64
12160303.444000; 0.00; 0.00; 90.64
12177246.016000; 0.00; 0.00; 90.64
12194402.007999; 0.00; 0.00; 90.64
12209409.232000; 0.00; 0.00; 90.64
12224453.326000; 0.00; 0.00; 90.64
12241979.364000; 0.00; 0.00; 90.64
12256600.102000; 0.00; 0.00; 90.64
12273541.701000; 0.00; 0.00; 90.64
12290490.224000; 0.00; 0.00; 90.64
12304331.717000; 0.00; 0.00; 90.64
12321251.165000; 0.00; 0.00; 90.64
12338190.851000; 0.00; 0.00; 90.64
12355136.608000; 0.00; 0.00; 90.64
12368898.242000; 0.00; 0.00; 90.64
12385845.562000; 0.00; 0.00; 90.64
12400596.233999; 0.00; 0.00; 90.64
12417541.861000; 0.00; 0.00; 90.64
12434488.400000; 0.00; 0.00; 90.64
12448269.159000; 0.00; 0.00; 90.64
12465186.834000; 0.00; 0.00; 90.64
12482677.084000; 0.00; 0.00; 90.64
12496599.490000; 0.00; 0.00; 90.64
12513563.231000; 0.00; 0.00; 90.64
12530688.776000; 0.00; 0.00; 90.64
12545202.433000; 0.00; 0.00; 90.64
12562134.584000; 0.00; 0.00; 90.64
12576814.644000; 0.00; 0.00; 90.64
12593777.012000; 0.00; 0.00; 90.64
12608888.943000; 0.00; 0.00; 90.64
12626215.567000; 0.00; 0.00; 90.64
12643136.177000; 0.00; 0.00; 90.64
12657064.002000; 0.00; 0.00; 90.64
12674017.063000; 0.00; 0.00; 90.64
12690952.531000; 0.00; 0.00; 90.64
12705401.757000; 0.00; 0.00; 90.64
12722296.458000; 0.00; 0.00; 90.64
12736770.370000; 0.00; 0.00; 90.64
12753686.812000; 0.00; 0.00; 90.64
12768317.689000; 0.00; 0.00; 90.64
12785255.452001; 0.00; 0.00; 90.64
12802192.693001; 0.00; 0.00; 90.64
12816654.262000; 0.00; 0.00; 90.64
12833598.496000; 0.00; 0.00; 90.64
12850541.468000; 0.00; 0.00; 90.64
12864825.173000; 0.00; 0.00; 90.64
12881728.530000; 0.00; 0.00; 90.64
12898666.021999; 0.00; 0.00; 90.64
12912458.293000; 0.00; 0.00; 90.64
12929370.608000; 0.00; 0.00; 90.64
12946309.011001; 0.00; 0.00; 90.64
12960811.566999; 0.00; 0.00; 90.64
12977723.140000; 0.00; 0.00; 90.64
12992616.220000; 0.00; 0.00; 90.64
13009540.477000; 0.00; 0.00; 90.64
13026499.779000; 0.00; 0.00; 90.64
13041082.927000; 0.00; 0.00; 90.64
13058015.910000; 0.00; 0.00; 90.64
13074965.755000; 0.00; 0.00; 90.64
13088734.772000; 0.00; 0.00; 90.64
13105693.573999; 0.00; 0.00; 90.64
13120229.142000; 0.00; 0.00; 90.64
13137136.477000; 0.00; 0.00; 90.64
13154079.860000; 0.00; 0.00; 90.64
13168703.193001; 0.00; 0.00; 90.64
13185668.617001; 0.00; 0.00; 90.64
13200284.915999; 0.00; 0.00; 90.64
13217602.262000; 0.00; 0.00; 90.64
13232614.856000; 0.00; 0.00; 90.64
13249539.233999; 0.00; 0.00; 90.64
13266502.273000; 0.00; 0.00; 90.64
13281143.129000; 0.00; 0.00; 90.64
13298070.502000; 0.00; 0.00; 90.64
13315299.321000; 0.00; 0.00; 90.64
13329080.561000; 0.00; 0.00; 90.64
13346023.113000; 0.00; 0.00; 90.64
13360889.282001; 0.00; 0.00; 90.64
13376855.859000; 0.00; 0.00; 90.64
13393901.835000; 0.00; 0.00; 90.64
13408493.718000; 0.00; 0.00; 90.64
13425417.504001; 0.00; 0.00; 90.64
13442360.937000; 0.00; 0.00; 90.64
13456897.737000; 0.00; 0.00; 90.64
13473839.948000; 0.00; 0.00; 90.64
13489856.369000; 0.00; 0.00; 90.64
13506787.469000; 0.00; 0.00; 90.64
13520596.420999; 0.00; 0.00; 90.64
13537540.475000; 0.00; 0.00; 90.64
13552670.670000; 0.00; 0.00; 90.64
13570071.152000; 0.00; 0.00; 90.64
13587054.290000; 0.00; 0.00; 90.64
13600787.249000; 0.00; 0.00; 90.64
13617724.290000; 0.00; 0.00; 90.64
13632539.252999; 0.00; 0.00; 90.64
13649490.982000; 0.00; 0.00; 90.64
13666420.759000; 0.00; 0.00; 90.64
13680768.654000; 0.00; 0.00; 90.64
13697725.132000; 0.00; 0.00; 90.64
13714715.353001; 0.00; 0.00; 90.64
13729201.918000; 0.00; 0.00; 90.64
13746301.925000; 0.00; 0.00; 90.64
13760839.136000; 0.00; 0.00; 90.64
13777781.927999; 0.00; 0.00; 90.64
13792435.658000; 0.00; 0.00; 90.64
13809415.359000; 0.00; 0.00; 90.64
13826463.028000; 0.00; 0.00; 90.64
13840245.170000; 0.00; 0.00; 90.64
13857187.571000; 0.00; 0.00; 90.64
13874133.318001; 0.00; 0.00; 90.64
13891076.581000; 0.00; 0.00; 90.64
13904873.050000; 0.00; 0.00; 90.64
13921788.580000; 0.00; 0.00; 90.64
13938733.246000; 0.00; 0.00; 90.64
13952539.232000; 0.00; 0.00; 90.64
13969528.540999; 0.00; 0.00; 90.64
13986504.355000; 0.00; 0.00; 90.64
14001115.826000; 0.00; 0.00; 90.64
14018135.402000; 0.00; 0.00; 90.64
14032517.481000; 0.00; 0.00; 90.64
14049452.348000; 0.00; 0.00; 90.64
14066385.682000; 0.00; 0.00; 90.64
14080216.786000; 0.00; 0.00; 90.64
14097170.558001; 0.00; 0.00; 90.64
14114095.646999; 0.00; 0.00; 90.64
14131014.624002; 0.00; 0.00; 90.64
14144792.107000; 0.00; 0.00; 90.64
14162483.866000; 0.00; 0.00; 90.64
14176242.243000; 0.00; 0.00; 90.64
14193189.894000; 0.00; 0.00; 90.64
14210129.660000; 0.00; 0.00; 90.64
14227080.748000; 0.00; 0.00; 90.64
14240840.948000; 0.00; 0.00; 90.64
14257782.287000; 0.00; 0.00; 90.64
14274728.915999; 0.00; 0.00; 90.64
14288499.667000; 0.00; 0.00; 90.64
14305423.693000; 0.00; 0.00; 90.64
14322356.506000; 0.00; 0.00; 90.64
14336826.581000; 0.00; 0.00; 90.64
14353729.467999; 0.00; 0.00; 90.64
14368277.379001; 0.00; 0.00; 90.64
14385185.705999; 0.00; 0.00; 90.64
14402123.488000; 0.00; 0.00; 90.64
14416616.756000; 0.00; 0.00; 90.64
14433541.514000; 0.00; 0.00; 90.64
14450493.614000; 0.00; 0.00; 90.64
14464288.930000; 0.00; 0.00; 90.64
14481259.093000; 0.00; 0.00; 90.64
14497548.247000; 0.00; 0.00; 90.64
14514671.908999; 0.00; 0.00; 90.64
14528886.824000; 0.00; 0.00; 90.64
14545844.903999; 0.00; 0.00; 90.64
14560647.293000; 0.00; 0.00; 90.64
14577674.303000; 0.00; 0.00; 90.64
14594697.155999; 0.00; 0.00; 90.64
14609006.659000; 0.00; 0.00; 90.64
14625964.889000; 0.00; 0.00; 90.64
14640754.104000; 0.00; 0.00; 90.64
14657664.956000; 0.00; 0.00; 90.64
14674596.396000; 0.00; 0.00; 90.64
14689111.415000; 0.00; 0.00; 90.64
14706109.631000; 0.00; 0.00; 90.64
14720320.258000; 0.00; 0.00; 90.64
14737258.261001; 0.00; 0.00; 90.64
14754201.834000; 0.00; 0.00; 90.64
14769225.429000; 0.00; 0.00; 90.64
14786683.700000; 0.00; 0.00; 90.64
14800541.033000; 0.00; 0.00; 90.64
14817499.053000; 0.00; 0.00; 90.64
14834433.910000; 0.00; 0.00; 90.64
14848419.284000; 0.00; 0.00; 90.64
14865363.448000; 0.00; 0.00; 90.64
14882300.408999; 0.00; 0.00; 90.64
14896395.880000; 0.00; 0.00; 90.64
14913452.415000; 0.00; 0.00; 90.64
14930371.012000; 0.00; 0.00; 90.64
14944329.064000; 0.00; 0.00; 90.64
14961251.026999; 0.00; 0.00; 90.64
14978601.104000; 0.00; 0.00; 90.64
14992597.418000; 0.00; 0.00; 90.64
15009537.846000; 0.00; 0.00; 90.64
15026492.340000; 0.00; 0.00; 90.64
15041054.056001; 0.00; 0.00; 90.64
15057953.776999; 0.00; 0.00; 90.64
15074898.743000; 0.00; 0.00; 90.64
15088666.067000; 0.00; 0.00; 90.64
15105596.896000; 0.00; 0.00; 90.64
15120182.448000; 0.00; 0.00; 90.64
15137154.615000; 0.00; 0.00; 90.64
15154341.155000; 0.00; 0.00; 90.64
15168779.280000; 0.00; 0.00; 90.64
15185742.059000; 0.00; 0.00; 90.64
15200589.293000; 0.00; 0.00; 90.64
15217599.942000; 0.00; 0.00; 90.64
15234577.790000; 0.00; 0.00; 90.64
15248356.375000; 0.00; 0.00; 90.64
15265336.346001; 0.00; 0.00; 90.64
15282255.353001; 0.00; 0.00; 90.64
15296880.550000; 0.00; 0.00; 90.64
15314217.152000; 0.00; 0.00; 90.64
15328881.381000; 0.00; 0.00; 90.64
15345858.556999; 0.00; 0.00; 90.64
15360494.724000; 0.00; 0.00; 90.64
15377431.976001; 0.00; 0.00; 90.64
15394379.967000; 0.00; 0.00; 90.64
15408929.842000; 0.00; 0.00; 90.64
15425861.122000; 0.00; 0.00; 90.64
15440609.109000; 0.00; 0.00; 90.64
15457538.706000; 0.00; 0.00; 90.64
15474495.735001; 0.00; 0.00; 90.64
15490423.719000; 0.00; 0.00; 90.64
15504392.462000; 0.00; 0.00; 90.64
15521310.427000; 0.00; 0.00; 90.64
15538245.042999; 0.00; 0.00; 90.64
15552199.499002; 0.00; 0.00; 90.64
15569125.488999; 0.00; 0.00; 90.64
15586078.851000; 0.00; 0.00; 90.64
15600598.408000; 0.00; 0.00; 90.64
15617552.101000; 0.00; 0.00; 90.64
15634508.278000; 0.00; 0.00; 90.64
15649061.839000; 0.00; 0.00; 90.64
15666013.418000; 0.00; 0.00; 90.64
15680741.277000; 0.00; 0.00; 90.64
15697685.922000; 0.00; 0.00; 90.64
15714597.756000; 0.00; 0.00; 90.64
15728368.576000; 0.00; 0.00; 90.64
15745300.618000; 0.00; 0.00; 90.64
15762249.822001; 0.00; 0.00; 90.64
15776974.825000; 0.00; 0.00; 90.64
15793922.206000; 0.00; 0.00; 90.64
15808458.575000; 0.00; 0.00; 90.64
15825374.607000; 0.00; 0.00; 90.64
15842305.316000; 0.00; 0.00; 90.64
15856842.657000; 0.00; 0.00; 90.64
15873790.859000; 0.00; 0.00; 90.64
15888323.361000; 0.00; 0.00; 90.64
15905519.449000; 0.00; 0.00; 90.64
15920219.736000; 0.00; 0.00; 90.64
15937179.448999; 0.00; 0.00; 90.64
15954133.412001; 0.00; 0.00; 90.64
15968730.315000; 0.00; 0.00; 90.64
15985671.835000; 0.00; 0.00; 90.64
16000298.764000; 0.00; 0.00; 90.64
16017243.900000; 0.00; 0.00; 90.64
16034198.043000; 0.00; 0.00; 90.64
16048853.776999; 0.00; 0.00; 90.64
16065787.893001; 0.00; 0.00; 90.64
16080598.998000; 0.00; 0.00; 90.64
16097541.129000; 0.00; 0.00; 90.64
16114498.388000; 0.00; 0.00; 90.64
16128284.948000; 0.00; 0.00; 90.64
16145206.700000; 0.00; 0.00; 90.64
16162553.481000; 0.00; 0.00; 90.64
16176651.326000; 0.00; 0.00; 90.64
16193596.553000; 0.00; 0.00; 90.64
16210538.543000; 0.00; 0.00; 90.64
16224542.431001; 0.00; 0.00; 90.64
16241494.521000; 0.00; 0.00; 90.64
16256311.467000; 0.00; 0.00; 90.64
16273261.873000; 0.00; 0.00; 90.64
16290185.159000; 0.00; 0.00; 90.64
16304888.722000; 0.00; 0.00; 90.64
16321852.453000; 0.00; 0.00; 90.64
16336835.682000; 0.00; 0.00; 90.64
16353789.645000; 0.00; 0.00; 90.64
16370737.216000; 0.00; 0.00; 90.64
16385264.398000; 0.00; 0.00; 90.64
16402192.452000; 0.00; 0.00; 90.64
16419130.815000; 0.00; 0.00; 90.64
16432912.506000; 0.00; 0.00; 90.64
16449861.770000; 0.00; 0.00; 90.64
16466797.900001; 0.00; 0.00; 90.64
16480613.012999; 0.00; 0.00; 90.64
16496923.196000; 0.00; 0.00; 90.64
16513862.071000; 0.00; 0.00; 90.64
16528536.259000; 0.00; 0.00; 90.64
16545507.424000; 0.00; 0.00; 90.64
16562421.893000; 0.00; 0.00; 90.64
16576413.207000; 0.00; 0.00; 90.64
16593373.943000; 0.00; 0.00; 90.64
16610311.806000; 0.00; 0.00; 90.64
16624601.682000; 0.00; 0.00; 90.64
16641541.327001; 0.00; 0.00; 90.64
16658487.275000; 0.00; 0.00; 90.64
16673051.567000; 0.00; 0.00; 90.64
16690029.074000; 0.00; 0.00; 90.64
16706968.389000; 0.00; 0.00; 90.64
16720731.595000; 0.00; 0.00; 90.64
16737671.893000; 0.00; 0.00; 90.64
16754598.875000; 0.00; 0.00; 90.64
16768392.228000; 0.00; 0.00; 90.64
16785341.662000; 0.00; 0.00; 90.64
16802254.377000; 0.00; 0.00; 90.64
16816812.046000; 0.00; 0.00; 90.64
16833919.948001; 0.00; 0.00; 90.64
16848595.589000; 0.00; 0.00; 90.64
16865539.903999; 0.00; 0.00; 90.64
16882488.246000; 0.00; 0.00; 90.64
16896445.668000; 0.00; 0.00; 90.64
16913368.893001; 0.00; 0.00; 90.64
16930310.352000; 0.00; 0.00; 90.64
16945064.010000; 0.00; 0.00; 90.64
16962025.486000; 0.00; 0.00; 90.64
16976647.697001; 0.00; 0.00; 90.64
16993664.358001; 0.00; 0.00; 90.64
17008430.799000; 0.00; 0.00; 90.64
17025421.922001; 0.00; 0.00; 90.64
17042379.542000; 0.00; 0.00; 90.64
17056419.548000; 0.00; 0.00; 90.64
17073381.776000; 0.00; 0.00; 90.64
17090319.629000; 0.00; 0.00; 90.64
17104874.823000; 0.00; 0.00; 90.64
17121789.683001; 0.00; 0.00; 90.64
17138743.255000; 0.00; 0.00; 90.64
17153131.135000; 0.00; 0.00; 90.64
17170084.436999; 0.00; 0.00; 90.64
17184668.445000; 0.00; 0.00; 90.64
17201599.625000; 0.00; 0.00; 90.64
17218540.814000; 0.00; 0.00; 90.64
17232336.101000; 0.00; 0.00; 90.64
17249279.243000; 0.00; 0.00; 90.64
17266198.180000; 0.00; 0.00; 90.64
17283120.143000; 0.00; 0.00; 90.64
17296984.810000; 0.00; 0.00; 90.64
17313901.792999; 0.00; 0.00; 90.64
17328504.196000; 0.00; 0.00; 90.64
17345438.642000; 0.00; 0.00; 90.64
17362358.872000; 0.00; 0.00; 90.64
17377055.913000; 0.00; 0.00; 90.64
17394024.894000; 0.00; 0.00; 90.64
17410961.113000; 0.00; 0.00; 90.64
17424749.537000; 0.00; 0.00; 90.64
17441680.076000; 0.00; 0.00; 90.64
17458600.235000; 0.00; 0.00; 90.64
17473042.127001; 0.00; 0.00; 90.64
17488962.356999; 0.00; 0.00; 90.64
17505916.760000; 0.00; 0.00; 90.64
17522873.738999; 0.00; 0.00; 90.64
17536678.743999; 0.00; 0.00; 90.64
17553658.876000; 0.00; 0.00; 90.64
17570598.211000; 0.00; 0.00; 90.64
17585176.709000; 0.00; 0.00; 90.64
17602143.126000; 0.00; 0.00; 90.64
17616773.241000; 0.00; 0.00; 90.64
17633721.844000; 0.00; 0.00; 90.64
17648378.087999; 0.00; 0.00; 90.64
17665343.042000; 0.00; 0.00; 90.64
17682337.190000; 0.00; 0.00; 90.64
17697107.860000; 0.00; 0.00; 90.64
17714020.203999; 0.00; 0.00; 90.64
17728659.697001; 0.00; 0.00; 90.64
17745627.506000; 0.00; 0.00; 90.64
17762596.557000; 0.00; 0.00; 90.64
17776430.897000; 0.00; 0.00; 90.64
17793377.937000; 0.00; 0.00; 90.64
17810319.316000; 0.00; 0.00; 90.64
17824861.085999; 0.00; 0.00; 90.64
17841790.182000; 0.00; 0.00; 90.64
17858734.286000; 0.00; 0.00; 90.64
17873019.603000; 0.00; 0.00; 90.64
17889964.038000; 0.00; 0.00; 90.64
17906908.884001; 0.00; 0.00; 90.64
17920779.362000; 0.00; 0.00; 90.64
