t; x; y; theta
47090717.600000; 0.00; 0.00; -0.74
47109142.149000; 0.00; 0.00; -0.74
47123119.065000; 0.00; 0.00; -0.74
47139629.683000; 0.00; 0.00; -0.74
47155867.221000; 0.00; 0.00; -0.74
47174182.538000; 0.00; 0.00; -0.74
47188110.774000; 0.00; 0.00; -0.74
47204147.659000; 0.00; 0.00; -0.74
47220937.293000; 0.00; 0.00; -0.74
47237971.511000; 0.00; 0.00; -0.74
47250884.605000; 0.00; 0.00; -0.74
47266808.695000; 0.00; 0.00; -0.74
47282401.529000; 0.00; 0.00; -0.74
47298206.890000; 0.00; 0.00; -0.74
47317335.508000; 0.00; 0.00; -0.74
47332405.929000; 0.00; 0.00; -0.74
47347174.776000; 0.00; 0.00; -0.74
47362881.590000; 0.00; 0.00; -0.74
47378974.278000; 0.00; 0.00; -0.74
47396907.283000; 0.00; 0.00; -0.74
47412433.628000; 0.00; 0.00; -0.74
47428443.205000; 0.00; 0.00; -0.74
47443438.826000; 0.00; 0.00; -0.74
47459929.260000; 0.00; 0.00; -0.74
47475713.249000; 0.00; 0.00; -0.74
47491486.553000; 0.00; 0.00; -0.74
47507795.329000; 0.00; 0.00; -0.74
47524001.998000; 0.00; 0.00; -0.74
47538680.609000; 0.00; 0.00; -0.74
47554674.751000; 0.00; 0.00; -0.74
47570774.563000; 0.00; 0.00; -0.74
47586752.082000; 0.00; 0.00; -0.74
47603821.919000; 0.00; 0.00; -0.74
47618854.347000; 0.00; 0.00; -0.74
47634935.161000; 0.00; 0.00; -0.74
47650754.770000; 0.00; 0.00; -0.74
47666163.572000; 0.00; 0.00; -0.74
47682301.377000; 0.00; 0.00; -0.74
47700083.595000; 0.00; 0.00; -0.74
47715294.117000; 0.00; 0.00; -0.74
47730947.504000; 0.00; 0.00; -0.74
47746579.518000; 0.00; 0.00; -0.74
47762521.419000; 0.00; 0.00; -0.74
47777913.598000; 0.00; 0.00; -0.74
47794452.712000; 0.00; 0.00; -0.74
47810341.183000; 0.00; 0.00; -0.74
47826196.411000; 0.00; 0.00; -0.74
47844121.105000; 0.00; 0.00; -0.74
47859047.863000; 0.00; 0.00; -0.74
47874576.582000; 0.00; 0.00; -0.74
47890760.692000; 0.00; 0.00; -0.74
47907450.593000; 0.00; 0.00; -0.74
47923017.306000; 0.00; 0.00; -0.74
47942122.178000; 0.00; 0.00; -0.74
47954793.062000; 0.00; 0.00; -0.74
47972821.052000; 0.00; 0.00; -0.74
47987936.590000; 0.00; 0.00; -0.74
48003698.021000; 0.00; 0.00; -0.74
48019867.883000; 0.00; 0.00; -0.74
48035909.517000; 0.00; 0.00; -0.74
48051318.319000; 0.00; 0.00; -0.74
48067498.867000; 0.00; 0.00; -0.74
48082977.720000; 0.00; 0.00; -0.74
48098671.474000; 0.00; 0.00; -0.74
48114685.800000; 0.00; 0.00; -0.74
48132077.396000; 0.00; 0.00; -0.74
48147724.845000; 0.00; 0.00; -0.74
48162911.622000; 0.00; 0.00; -0.74
48178257.497000; 0.00; 0.00; -0.74
48196102.642000; 0.00; 0.00; -0.74
48211177.812000; 0.00; 0.00; -0.74
48227067.471000; 0.00; 0.00; -0.74
48243309.759000; 0.00; 0.00; -0.74
48259119.869000; 0.00; 0.00; -0.74
48274824.309000; 0.00; 0.00; -0.74
48291051.162000; 0.00; 0.00; -0.74
48306893.329000; 0.00; 0.00; -0.74
48325276.322000; 0.00; 0.00; -0.74
48340559.270000; 0.00; 0.00; -0.74
48356767.126000; 0.00; 0.00; -0.74
48371866.042000; 0.00; 0.00; -0.74
48387262.971000; 0.00; 0.00; -0.74
48402581.538000; 0.00; 0.00; -0.74
48420865.985000; 0.00; 0.00; -0.74
48435900.787000; 0.00; 0.00; -0.74
48451011.576000; 0.00; 0.00; -0.74
48467033.026000; 0.00; 0.00; -0.74
48482363.466000; 0.00; 0.00; -0.74
48500094.630000; 0.00; 0.00; -0.74
48515942.733000; 0.00; 0.00; -0.74
48531547.440000; 0.00; 0.00; -0.74
48546828.013000; 0.00; 0.00; -0.74
48562348.422000; 0.00; 0.00; -0.74
48578039.802000; 0.00; 0.00; -0.74
48596207.893000; 0.00; 0.00; -0.74
48611636.879000; 0.00; 0.00; -0.74
48627418.494000; 0.00; 0.00; -0.74
48642714.502000; 0.00; 0.00; -0.74
48660419.545000; 0.00; 0.00; -0.74
48675305.935000; 0.00; 0.00; -0.74
48690864.336000; 0.00; 0.00; -0.74
48706176.967000; 0.00; 0.00; -0.74
48722819.375000; 0.00; 0.00; -0.74
48738752.965000; 0.00; 0.00; -0.74
48754604.630000; 0.00; 0.00; -0.74
48773986.144000; 0.00; 0.00; -0.74
48788706.311000; 0.00; 0.00; -0.74
48803472.783000; 0.00; 0.00; -0.74
48818781.851000; 0.00; 0.00; -0.74
48835013.453000; 0.00; 0.00; -0.74
48850866.306000; 0.00; 0.00; -0.74
48866621.800000; 0.00; 0.00; -0.74
48885255.314000; 0.00; 0.00; -0.74
48899892.369000; 0.00; 0.00; -0.74
48914665.965000; 0.00; 0.00; -0.74
48930844.138000; 0.00; 0.00; -0.74
48946247.004000; 0.00; 0.00; -0.74
48964162.200000; 0.00; 0.00; -0.74
48978748.202000; 0.00; 0.00; -0.74
48996869.988000; 0.00; 0.00; -0.74
49011421.558000; 0.00; 0.00; -0.74
49026712.817000; 0.00; 0.00; -0.74
49044605.454000; 0.00; 0.00; -0.74
49059172.459000; 0.00; 0.00; -0.74
49074311.744000; 0.00; 0.00; -0.74
49092495.270000; 0.00; 0.00; -0.74
49107213.062000; 0.00; 0.00; -0.74
49122176.626000; 0.00; 0.00; -0.74
49140363.714000; 0.00; 0.00; -0.74
49155125.437000; 0.00; 0.00; -0.74
49170590.042000; 0.00; 0.00; -0.74
49188746.260000; 0.00; 0.00; -0.74
49203420.122000; 0.00; 0.00; -0.74
49218712.569000; 0.00; 0.00; -0.74
49236869.974000; 0.00; 0.00; -0.74
49252601.722000; 0.00; 0.00; -0.74
49268093.635000; 0.00; 0.00; -0.74
49283454.945000; 0.00; 0.00; -0.74
49299529.823000; 0.00; 0.00; -0.74
49315534.651000; 0.00; 0.00; -0.74
49331864.799000; 0.00; 0.00; -0.74
49347005.271000; 0.00; 0.00; -0.74
49362643.222000; 0.00; 0.00; -0.74
49378870.075000; 0.00; 0.00; -0.74
49394618.445000; 0.00; 0.00; -0.50
49410631.583000; 0.00; 0.00; 0.16
49426140.119000; 0.00; 0.00; 0.80
49444343.829000; 0.00; 0.00; 1.55
49459198.161000; 0.00; 0.00; 2.16
49474929.909000; 0.00; 0.00; 2.81
49491444.089000; 0.00; 0.00; 3.49
49507721.996000; 0.00; 0.00; 4.15
49523648.461000; 0.00; 0.00; 4.81
49539453.822000; 0.00; 0.00; 5.47
49554660.783000; 0.00; 0.00; 6.10
49570673.921000; 0.00; 0.00; 6.75
49586778.482000; 0.00; 0.00; 7.42
49603073.011000; 0.00; 0.00; 8.08
49618746.581000; 0.00; 0.00; 8.73
49637724.412000; 0.00; 0.00; 9.53
49653284.001000; 0.00; 0.00; 10.16
49668888.708000; 0.00; 0.00; 10.78
49684673.885000; 0.00; 0.00; 11.46
49700456.687000; 0.00; 0.00; 12.11
49715732.511000; 0.00; 0.00; 12.74
49731527.186000; 0.00; 0.00; 13.39
49747035.721000; 0.00; 0.00; 14.02
49766204.708000; 0.00; 0.00; 14.80
49778425.605000; 0.00; 0.00; 15.33
49798248.794000; 0.00; 0.00; 16.13
49812768.307000; 0.00; 0.00; 16.75
49828472.747000; 0.00; 0.00; 17.40
49844941.810000; 0.00; 0.00; 18.05
49858417.685000; 0.00; 0.00; 18.63
49876526.411000; 0.00; 0.00; 19.38
49892081.251000; 0.00; 0.00; 20.02
49907581.475000; 0.00; 0.00; 20.66
49922781.312000; 0.00; 0.00; 21.28
49938765.955000; 0.00; 0.00; 21.94
49954635.430000; 0.00; 0.00; 22.60
49970520.340000; 0.00; 0.00; 23.25
49986300.767000; 0.00; 0.00; 23.89
50005280.973000; 0.00; 0.00; 24.69
50020866.683000; 0.00; 0.00; 25.31
50036268.361000; 0.00; 0.00; 25.96
50051962.116000; 0.00; 0.00; 26.61
50067689.114000; 0.00; 0.00; 27.26
50082587.377000; 0.00; 0.00; 27.88
50099925.544000; 0.00; 0.00; 28.55
50115911.374000; 0.00; 0.00; 29.25
50130774.018000; 0.00; 0.00; 29.86
50146149.575000; 0.00; 0.00; 30.50
50164093.266000; 0.00; 0.00; 31.24
50179105.509000; 0.00; 0.00; 31.85
50194047.702000; 0.00; 0.00; 32.47
50210610.561000; 0.00; 0.00; 33.16
50227978.411000; 0.00; 0.00; 33.87
50242974.032000; 0.00; 0.00; 34.49
50258462.383000; 0.00; 0.00; 35.13
50275439.611000; 0.00; 0.00; 35.83
50291066.876000; 0.00; 0.00; 36.47
50309753.818000; 0.00; 0.00; 37.25
50322110.067000; 0.00; 0.00; 37.76
50341118.768000; 0.00; 0.00; 38.53
50357052.357000; 0.00; 0.00; 39.20
50372470.658000; 0.00; 0.00; 39.84
50388312.825000; 0.00; 0.00; 40.46
50402701.735000; 0.00; 0.00; 41.08
50418378.867000; 0.00; 0.00; 41.73
50436241.821000; 0.00; 0.00; 42.46
50451533.080000; 0.00; 0.00; 43.08
50466641.495000; 0.00; 0.00; 43.72
50484923.567000; 0.00; 0.00; 44.47
50500150.712000; 0.00; 0.00; 45.10
50515636.689000; 0.00; 0.00; 45.73
50530854.335000; 0.00; 0.00; 46.37
50546151.531000; 0.00; 0.00; 47.00
50562354.637000; 0.00; 0.00; 47.67
50581535.497000; 0.00; 0.00; 48.45
50596299.594000; 0.00; 0.00; 49.06
50611013.825000; 0.00; 0.00; 49.68
50626681.458000; 0.00; 0.00; 50.32
50642484.444000; 0.00; 0.00; 50.97
50660942.237000; 0.00; 0.00; 51.74
50675136.429000; 0.00; 0.00; 52.32
50690815.936000; 0.00; 0.00; 52.97
50706438.453000; 0.00; 0.00; 53.60
50725055.344000; 0.00; 0.00; 54.38
50740845.270000; 0.00; 0.00; 55.03
50755655.671000; 0.00; 0.00; 55.63
50770919.623000; 0.00; 0.00; 56.27
50789214.755000; 0.00; 0.00; 57.03
50804194.941000; 0.00; 0.00; 57.64
50819438.708000; 0.00; 0.00; 58.26
50834895.002000; 0.00; 0.00; 58.91
50850542.452000; 0.00; 0.00; 59.56
50867155.178000; 0.00; 0.00; 60.24
50882676.773000; 0.00; 0.00; 60.88
50901532.312000; 0.00; 0.00; 61.64
50914263.749000; 0.00; 0.00; 62.18
50932714.418000; 0.00; 0.00; 62.93
50948626.636000; 0.00; 0.00; 63.59
50964052.060000; 0.00; 0.00; 64.23
50978597.693000; 0.00; 0.00; 64.84
50996823.962000; 0.00; 0.00; 65.59
51011621.304000; 0.00; 0.00; 66.20
51027776.919000; 0.00; 0.00; 66.87
51042131.397000; 0.00; 0.00; 67.46
51061276.637000; 0.00; 0.00; 68.24
51076626.074000; 0.00; 0.00; 68.88
51091755.860000; 0.00; 0.00; 69.50
51106079.468000; 0.00; 0.00; 70.10
51123846.251000; 0.00; 0.00; 70.83
51138338.457000; 0.00; 0.00; 71.43
51156277.398000; 0.00; 0.00; 72.17
51171198.219000; 0.00; 0.00; 72.78
51187341.961000; 0.00; 0.00; 73.45
51202782.820000; 0.00; 0.00; 74.08
51218673.667000; 0.00; 0.00; 74.74
51233992.234000; 0.00; 0.00; 75.37
51252512.954000; 0.00; 0.00; 76.14
51268661.444000; 0.00; 0.00; 76.80
51284847.929000; 0.00; 0.00; 77.45
51298995.817000; 0.00; 0.00; 78.05
51315335.463000; 0.00; 0.00; 78.72
51331185.941000; 0.00; 0.00; 79.38
51346237.365000; 0.00; 0.00; 80.00
51362781.228000; 0.00; 0.00; 80.67
51378664.950000; 0.00; 0.00; 81.33
51396748.743000; 0.00; 0.00; 81.51
51412676.396000; 0.00; 0.00; 80.23
51428212.239000; 0.00; 0.00; 78.96
51443319.467000; 0.00; 0.00; 77.74
51460061.608000; 0.00; 0.00; 76.39
51476663.649000; 0.00; 0.00; 75.06
51492417.955000; 0.00; 0.00; 73.77
51508347.983000; 0.00; 0.00; 72.49
51523860.080000; 0.00; 0.00; 71.24
51539559.771000; 0.00; 0.00; 69.96
51555784.249000; 0.00; 0.00; 68.65
51571709.527000; 0.00; 0.00; 67.39
51587968.437000; 0.00; 0.00; 66.06
51603811.792000; 0.00; 0.00; 64.77
51619099.489000; 0.00; 0.00; 63.53
51634662.640000; 0.00; 0.00; 62.29
51650657.969000; 0.00; 0.00; 60.99
51666679.419000; 0.00; 0.00; 59.69
51682854.030000; 0.00; 0.00; 58.38
51699665.036000; 0.00; 0.00; 57.03
51715114.206000; 0.00; 0.00; 55.77
51731935.897000; 0.00; 0.00; 54.48
51747647.461000; 0.00; 0.00; 53.15
51763697.406000; 0.00; 0.00; 51.85
51779946.817000; 0.00; 0.00; 50.57
51795849.537000; 0.00; 0.00; 49.25
51811282.085000; 0.00; 0.00; 47.99
51827662.100000; 0.00; 0.00; 46.72
51843453.213000; 0.00; 0.00; 45.39
51859024.675000; 0.00; 0.00; 44.13
51875126.861000; 0.00; 0.00; 42.83
51891306.222000; 0.00; 0.00; 41.53
51907812.091000; 0.00; 0.00; 40.22
51923939.210000; 0.00; 0.00; 38.89
51939708.952000; 0.00; 0.00; 37.61
51955110.630000; 0.00; 0.00; 36.36
51971700.797000; 0.00; 0.00; 35.07
51986856.704000; 0.00; 0.00; 33.80
52002892.401000; 0.00; 0.00; 32.51
52019703.406000; 0.00; 0.00; 31.15
52035699.923000; 0.00; 0.00; 29.85
52051673.880000; 0.00; 0.00; 28.56
52067494.676000; 0.00; 0.00; 27.30
52082967.592000; 0.00; 0.00; 26.03
52098719.524000; 0.00; 0.00; 24.78
52114803.901000; 0.00; 0.00; 23.46
52130837.224000; 0.00; 0.00; 22.16
52147122.254000; 0.00; 0.00; 20.84
52162795.825000; 0.00; 0.00; 19.58
52178398.157000; 0.00; 0.00; 18.31
52194984.762000; 0.00; 0.00; 16.97
52211620.047000; 0.00; 0.00; 15.63
52227192.696000; 0.00; 0.00; 14.37
52243134.597000; 0.00; 0.00; 13.08
52258649.068000; 0.00; 0.00; 11.82
52277332.449000; 0.00; 0.00; 10.31
52292249.708000; 0.00; 0.00; 9.10
52307550.465000; 0.00; 0.00; 7.87
52324091.953000; 0.00; 0.00; 6.54
52339100.634000; 0.00; 0.00; 5.32
52354872.751000; 0.00; 0.00; 4.04
52372878.181000; 0.00; 0.00; 2.59
52388016.279000; 0.00; 0.00; 1.37
52402669.957000; 0.00; 0.00; 1.17
52418789.952000; 0.00; 0.00; 1.16
52435418.113000; 0.00; 0.00; 1.14
52450787.734000; 0.00; 0.00; 1.13
52466362.758000; 0.00; 0.00; 1.12
52482001.897000; 0.00; 0.00; 1.10
52501170.883000; 0.00; 0.00; 1.09
52517829.914000; 0.00; 0.00; 1.07
52532420.665000; 0.00; 0.00; 1.06
52547322.489000; 0.00; 0.00; 1.05
52562592.377000; 0.00; 0.00; 1.04
52578049.858000; 0.00; 0.00; 1.02
52594413.251000; 0.00; 0.00; 1.01
52611120.961000; 0.00; 0.00; 1.00
52626419.344000; 0.00; 0.00; 0.98
52641784.216000; 0.00; 0.00; 0.97
52659403.773000; 0.00; 0.00; 0.96
52674771.020000; 0.00; 0.00; 0.94
52690710.546000; 0.00; 0.00; 0.93
52706670.255000; 0.00; 0.00; 0.92
52722733.261000; 0.00; 0.00; 0.90
52738517.250000; 0.00; 0.00; 0.89
52755120.478000; 0.00; 0.00; 0.88
52771856.683000; 0.00; 0.00; 0.86
52787667.980000; 0.00; 0.00; 0.85
52804049.182000; 0.00; 0.00; 0.84
52820054.010000; 0.00; 0.00; 0.82
52835934.170000; 0.00; 0.00; 0.81
52851832.141000; 0.00; 0.00; 0.80
52867674.308000; 0.00; 0.00; 0.79
52884689.529000; 0.00; 0.00; 0.77
52898258.013000; 0.00; 0.00; 0.76
52917658.524000; 0.00; 0.00; 0.74
52930341.281000; 0.00; 0.00; 0.73
52949006.851000; 0.00; 0.00; 0.72
52964191.253000; 0.00; 0.00; 0.71
52979468.265000; 0.00; 0.00; 0.69
52995665.435000; 0.00; 0.00; 0.68
53010956.694000; 0.00; 0.00; 0.67
53027124.182000; 0.00; 0.00; 0.65
53042739.574000; 0.00; 0.00; 0.64
53059722.738000; 0.00; 0.00; 0.63
53075282.328000; 0.00; 0.00; 0.61
53090802.736000; 0.00; 0.00; 0.60
53107199.373000; 0.00; 0.00; 0.59
53122774.397000; 0.00; 0.00; 0.58
53141690.488000; 0.00; 0.00; 0.56
53154484.852000; 0.00; 0.00; 0.55
53172876.156000; 0.00; 0.00; 0.53
53187799.351000; 0.00; 0.00; 0.52
53203658.141000; 0.00; 0.00; 0.51
53218286.885000; 0.00; 0.00; 0.50
53236795.732000; 0.00; 0.00; 0.48
53252458.617000; 0.00; 0.00; 0.47
53268735.336000; 0.00; 0.00; 0.45
53284908.761000; 0.00; 0.00; 0.44
53300923.086000; 0.00; 0.00; 0.43
53316151.419000; 0.00; 0.00; 0.42
53332039.890000; 0.00; 0.00; 0.40
53347471.251000; 0.00; 0.00; 0.39
53362940.605000; 0.00; 0.00; 0.38
53378513.255000; 0.00; 0.00; 0.36
53396304.972000; 0.00; 0.00; 0.15
53411679.342000; 0.00; 0.00; -0.48
53426993.160000; 0.00; 0.00; -1.11
53442242.863000; 0.00; 0.00; -1.74
53459185.659000; 0.00; 0.00; -2.44
53474767.807000; 0.00; 0.00; -3.09
53491255.866000; 0.00; 0.00; -3.76
53506813.081000; 0.00; 0.00; -4.40
53522637.438000; 0.00; 0.00; -5.06
53538303.885000; 0.00; 0.00; -5.71
53554725.455000; 0.00; 0.00; -6.38
53573052.645000; 0.00; 0.00; -7.14
53588277.415000; 0.00; 0.00; -7.76
53603255.226000; 0.00; 0.00; -8.38
53619663.736000; 0.00; 0.00; -9.04
53635059.478000; 0.00; 0.00; -9.70
53650968.134000; 0.00; 0.00; -10.35
53667577.298000; 0.00; 0.00; -11.01
53683918.132000; 0.00; 0.00; -11.71
53700149.734000; 0.00; 0.00; -12.38
53715511.044000; 0.00; 0.00; -13.01
53731405.452000; 0.00; 0.00; -13.65
53747361.600000; 0.00; 0.00; -14.30
53762399.964000; 0.00; 0.00; -14.94
53778282.499000; 0.00; 0.00; -15.60
53794559.219000; 0.00; 0.00; -16.28
53810194.795000; 0.00; 0.00; -16.92
53828124.239000; 0.00; 0.00; -17.66
53843917.727000; 0.00; 0.00; -18.31
53860851.024000; 0.00; 0.00; -19.01
53876176.715000; 0.00; 0.00; -19.64
53892142.361000; 0.00; 0.00; -20.30
53907611.716000; 0.00; 0.00; -20.94
53922663.140000; 0.00; 0.00; -21.56
53938771.263000; 0.00; 0.00; -22.22
53957969.932000; 0.00; 0.00; -23.01
53972786.270000; 0.00; 0.00; -23.63
53987279.662000; 0.00; 0.00; -24.22
54004794.738000; 0.00; 0.00; -24.95
54020685.584000; 0.00; 0.00; -25.60
54036659.542000; 0.00; 0.00; -26.26
54051670.598000; 0.00; 0.00; -26.87
54067111.457000; 0.00; 0.00; -27.52
54082548.754000; 0.00; 0.00; -28.16
54101812.725000; 0.00; 0.00; -28.92
54117457.800000; 0.00; 0.00; -29.60
54132185.090000; 0.00; 0.00; -30.20
54147856.286000; 0.00; 0.00; -30.85
54163626.028000; 0.00; 0.00; -31.49
54179034.830000; 0.00; 0.00; -32.12
54195658.241000; 0.00; 0.00; -32.81
54210957.811000; 0.00; 0.00; -33.45
54226668.188000; 0.00; 0.00; -34.10
54242610.088000; 0.00; 0.00; -34.76
54258066.382000; 0.00; 0.00; -35.40
54274648.239000; 0.00; 0.00; -36.08
54291810.685000; 0.00; 0.00; -36.79
54307424.890000; 0.00; 0.00; -37.43
54323201.756000; 0.00; 0.00; -38.07
54339728.996000; 0.00; 0.00; -38.75
54355777.754000; 0.00; 0.00; -39.43
54370969.279000; 0.00; 0.00; -40.05
54386533.618000; 0.00; 0.00; -40.68
54402315.233000; 0.00; 0.00; -41.35
54419935.978000; 0.00; 0.00; -42.07
54434271.459000; 0.00; 0.00; -42.66
54452690.071000; 0.00; 0.00; -43.42
54468107.184000; 0.00; 0.00; -44.06
54484014.652000; 0.00; 0.00; -44.71
54499506.565000; 0.00; 0.00; -45.34
54515964.942000; 0.00; 0.00; -46.03
54531871.224000; 0.00; 0.00; -46.68
54547031.879000; 0.00; 0.00; -47.31
54563117.443000; 0.00; 0.00; -47.97
54578634.290000; 0.00; 0.00; -48.61
54595252.952000; 0.00; 0.00; -49.30
54611149.735000; 0.00; 0.00; -49.96
54626826.867000; 0.00; 0.00; -50.61
54645556.552000; 0.00; 0.00; -51.38
54661358.351000; 0.00; 0.00; -52.03
54676494.074000; 0.00; 0.00; -52.65
54692063.161000; 0.00; 0.00; -53.30
54708450.300000; 0.00; 0.00; -53.97
54723805.673000; 0.00; 0.00; -54.61
54738959.205000; 0.00; 0.00; -55.23
54754983.030000; 0.00; 0.00; -55.89
54770561.616000; 0.00; 0.00; -56.54
54789630.869000; 0.00; 0.00; -57.31
54802817.042000; 0.00; 0.00; -57.86
54819085.450000; 0.00; 0.00; -58.53
54835491.586000; 0.00; 0.00; -59.21
54850890.889000; 0.00; 0.00; -59.85
54866321.063000; 0.00; 0.00; -60.48
54884951.014000; 0.00; 0.00; -61.25
54899724.610000; 0.00; 0.00; -61.86
54914354.542000; 0.00; 0.00; -62.47
54930493.534000; 0.00; 0.00; -63.13
54949282.584000; 0.00; 0.00; -63.90
54962199.240000; 0.00; 0.00; -64.44
54980302.030000; 0.00; 0.00; -65.18
54996164.381000; 0.00; 0.00; -65.84
55011538.751000; 0.00; 0.00; -66.48
55027517.458000; 0.00; 0.00; -67.12
55043091.295000; 0.00; 0.00; -67.78
55058674.630000; 0.00; 0.00; -68.42
55074723.388000; 0.00; 0.00; -69.08
55091027.415000; 0.00; 0.00; -69.76
55107086.858000; 0.00; 0.00; -70.42
55122610.829000; 0.00; 0.00; -71.06
55138702.329000; 0.00; 0.00; -71.72
55154686.972000; 0.00; 0.00; -72.38
55170668.054000; 0.00; 0.00; -73.04
55186970.894000; 0.00; 0.00; -73.71
55202662.274000; 0.00; 0.00; -74.36
55218516.314000; 0.00; 0.00; -75.01
55237187.821000; 0.00; 0.00; -75.78
55251919.861000; 0.00; 0.00; -76.39
55266681.583000; 0.00; 0.00; -76.99
55282987.986000; 0.00; 0.00; -77.67
55298707.861000; 0.00; 0.00; -78.32
55314484.726000; 0.00; 0.00; -78.97
55331103.388000; 0.00; 0.00; -79.65
55346715.219000; 0.00; 0.00; -80.29
55365663.367000; 0.00; 0.00; -81.06
55378261.826000; 0.00; 0.00; -81.60
55396504.717000; 0.00; 0.00; -82.36
55410861.570000; 0.00; 0.00; -82.95
55426329.737000; 0.00; 0.00; -83.59
55444620.120000; 0.00; 0.00; -84.34
55459969.557000; 0.00; 0.00; -84.98
55475153.959000; 0.00; 0.00; -85.60
55490463.028000; 0.00; 0.00; -86.23
55508729.665000; 0.00; 0.00; -86.98
55523371.470000; 0.00; 0.00; -87.57
55538695.974000; 0.00; 0.00; -88.22
55554157.017000; 0.00; 0.00; -88.86
55572726.416000; 0.00; 0.00; -89.62
55588928.335000; 0.00; 0.00; -90.27
55604300.331000; 0.00; 0.00; -90.93
55620617.419000; 0.00; 0.00; -91.59
55634694.068000; 0.00; 0.00; -92.18
55652830.102000; 0.00; 0.00; -92.93
55668056.060000; 0.00; 0.00; -93.56
55683664.328000; 0.00; 0.00; -94.20
55699656.096000; 0.00; 0.00; -94.86
55714965.164000; 0.00; 0.00; -95.49
55730572.245000; 0.00; 0.00; -96.14
55749630.813000; 0.00; 0.00; -96.91
55765427.863000; 0.00; 0.00; -97.57
55780349.871000; 0.00; 0.00; -98.19
55796732.260000; 0.00; 0.00; -98.86
55812141.062000; 0.00; 0.00; -99.50
55827439.445000; 0.00; 0.00; -100.13
55843700.730000; 0.00; 0.00; -100.80
55860094.992000; 0.00; 0.00; -101.48
55875658.143000; 0.00; 0.00; -102.12
55891183.301000; 0.00; 0.00; -102.76
55906949.481000; 0.00; 0.00; -103.41
55923023.171000; 0.00; 0.00; -104.07
55938682.494000; 0.00; 0.00; -104.72
55954941.404000; 0.00; 0.00; -105.39
55970986.600000; 0.00; 0.00; -106.05
55987620.697000; 0.00; 0.00; -106.73
56003801.245000; 0.00; 0.00; -107.41
56019864.250000; 0.00; 0.00; -108.07
56035883.325000; 0.00; 0.00; -108.73
56052079.308000; 0.00; 0.00; -109.40
56067884.669000; 0.00; 0.00; -110.05
56083790.951000; 0.00; 0.00; -110.69
56100054.610000; 0.00; 0.00; -111.37
56115672.377000; 0.00; 0.00; -112.02
56131772.188000; 0.00; 0.00; -112.68
56147881.498000; 0.00; 0.00; -113.33
56163069.462000; 0.00; 0.00; -113.98
56179219.140000; 0.00; 0.00; -114.64
56194675.435000; 0.00; 0.00; -115.28
56210440.427000; 0.00; 0.00; -115.93
56227047.216000; 0.00; 0.00; -116.62
56242965.371000; 0.00; 0.00; -117.27
56258661.500000; 0.00; 0.00; -117.92
56274950.092000; 0.00; 0.00; -118.59
56290984.602000; 0.00; 0.00; -119.24
56307469.100000; 0.00; 0.00; -119.92
56322854.156000; 0.00; 0.00; -120.56
56338813.865000; 0.00; 0.00; -121.22
56354943.360000; 0.00; 0.00; -121.89
56370689.355000; 0.00; 0.00; -122.54
56386947.078000; 0.00; 0.00; -123.21
56404806.471000; 0.00; 0.00; -121.98
56420708.003000; 0.00; 0.00; -120.03
56436034.881000; 0.00; 0.00; -118.14
56451890.108000; 0.00; 0.00; -116.19
56467659.850000; 0.00; 0.00; -114.27
56483231.312000; 0.00; 0.00; -112.34
56498812.273000; 0.00; 0.00; -110.42
56515560.351000; 0.00; 0.00; -108.40
56530838.550000; 0.00; 0.00; -106.49
56546841.003000; 0.00; 0.00; -104.52
56562809.024000; 0.00; 0.00; -102.56
56578683.248000; 0.00; 0.00; -100.63
56594752.190000; 0.00; 0.00; -98.63
56610425.760000; 0.00; 0.00; -96.69
56628862.182000; 0.00; 0.00; -94.44
56644463.326000; 0.00; 0.00; -92.50
56660430.160000; 0.00; 0.00; -90.54
56676163.096000; 0.00; 0.00; -88.62
56691741.682000; 0.00; 0.00; -86.70
56707657.462000; 0.00; 0.00; -84.77
56723678.911000; 0.00; 0.00; -82.79
56739821.466000; 0.00; 0.00; -80.80
56755685.004000; 0.00; 0.00; -78.86
56771083.120000; 0.00; 0.00; -76.96
56786793.497000; 0.00; 0.00; -75.02
56802818.508000; 0.00; 0.00; -73.05
56819685.317000; 0.00; 0.00; -71.00
56835850.430000; 0.00; 0.00; -69.00
56851684.286000; 0.00; 0.00; -67.06
56867717.609000; 0.00; 0.00; -65.10
56883659.509000; 0.00; 0.00; -63.12
56899067.124000; 0.00; 0.00; -61.22
56915438.828000; 0.00; 0.00; -59.25
56931669.242000; 0.00; 0.00; -57.21
56947040.051000; 0.00; 0.00; -55.33
56962365.741000; 0.00; 0.00; -53.43
56978016.753000; 0.00; 0.00; -51.51
56994675.784000; 0.00; 0.00; -49.47
57010544.071000; 0.00; 0.00; -47.51
57026111.972000; 0.00; 0.00; -45.59
57042332.888000; 0.00; 0.00; -43.61
57058787.703000; 0.00; 0.00; -41.58
57074845.959000; 0.00; 0.00; -39.61
57090798.545000; 0.00; 0.00; -37.65
57107869.569000; 0.00; 0.00; -35.60
57123684.429000; 0.00; 0.00; -33.61
57139716.564000; 0.00; 0.00; -31.67
57156114.388000; 0.00; 0.00; -29.63
57171810.517000; 0.00; 0.00; -27.70
57187849.776000; 0.00; 0.00; -25.73
57203657.512000; 0.00; 0.00; -23.80
57218850.225000; 0.00; 0.00; -21.92
57235258.735000; 0.00; 0.00; -19.90
57251530.705000; 0.00; 0.00; -17.93
57267825.234000; 0.00; 0.00; -15.89
57283592.601000; 0.00; 0.00; -13.97
57299472.762000; 0.00; 0.00; -12.04
57315749.482000; 0.00; 0.00; -10.06
57331355.376000; 0.00; 0.00; -8.15
57346931.587000; 0.00; 0.00; -6.22
57362191.976000; 0.00; 0.00; -4.28
57378785.705000; 0.00; 0.00; -2.24
57396526.368000; 0.00; 0.00; -0.64
57412939.627000; 0.00; 0.00; -0.61
57428406.607000; 0.00; 0.00; -0.58
57444233.339000; 0.00; 0.00; -0.56
57460157.430000; 0.00; 0.00; -0.53
57476136.137000; 0.00; 0.00; -0.50
57492119.593000; 0.00; 0.00; -0.48
57507896.458000; 0.00; 0.00; -0.45
57523688.759000; 0.00; 0.00; -0.43
57539969.040000; 0.00; 0.00; -0.40
57555045.398000; 0.00; 0.00; -0.37
57571608.257000; 0.00; 0.00; -0.35
57586816.405000; 0.00; 0.00; -0.32
57602858.039000; 0.00; 0.00; -0.30
57619840.015000; 0.00; 0.00; -0.27
57636190.348000; 0.00; 0.00; -0.24
57652051.511000; 0.00; 0.00; -0.21
57668057.526000; 0.00; 0.00; -0.19
57685427.751000; 0.00; 0.00; -0.16
57698700.597000; 0.00; 0.00; -0.14
57714824.154000; 0.00; 0.00; -0.11
57730680.569000; 0.00; 0.00; -0.08
57746628.406000; 0.00; 0.00; -0.06
57762649.856000; 0.00; 0.00; -0.03
57780831.007000; 0.00; 0.00; -0.00
57795412.260000; 0.00; 0.00; 0.02
57810425.690000; 0.00; 0.00; 0.05
57825832.118000; 0.00; 0.00; 0.07
57844732.774000; 0.00; 0.00; 0.10
57859075.379000; 0.00; 0.00; 0.13
57874034.194000; 0.00; 0.00; 0.15
57892551.352000; 0.00; 0.00; 0.18
57907161.099000; 0.00; 0.00; 0.21
57922489.165000; 0.00; 0.00; 0.23
57940442.354000; 0.00; 0.00; 0.26
57955852.344000; 0.00; 0.00; 0.29
57970815.907000; 0.00; 0.00; 0.31
57986621.268000; 0.00; 0.00; 0.34
58002318.584000; 0.00; 0.00; 0.36
58020177.977000; 0.00; 0.00; 0.39
58035583.217000; 0.00; 0.00; 0.42
58051649.784000; 0.00; 0.00; 0.44
58067216.497000; 0.00; 0.00; 0.47
58082797.458000; 0.00; 0.00; 0.50
58098554.140000; 0.00; 0.00; 0.52
58117960.586000; 0.00; 0.00; 0.55
58130334.645000; 0.00; 0.00; 0.57
58148338.889000; 0.00; 0.00; 0.60
58164375.773000; 0.00; 0.00; 0.63
58180905.388000; 0.00; 0.00; 0.66
58195929.504000; 0.00; 0.00; 0.68
58211187.519000; 0.00; 0.00; 0.71
58226914.518000; 0.00; 0.00; 0.73
58242319.758000; 0.00; 0.00; 0.76
58260978.205000; 0.00; 0.00; 0.79
58277246.613000; 0.00; 0.00; 0.82
58292283.790000; 0.00; 0.00; 0.84
58308422.782000; 0.00; 0.00; 0.87
58323942.003000; 0.00; 0.00; 0.89
58340549.980000; 0.00; 0.00; 0.92
58354459.220000; 0.00; 0.00; 0.94
58370594.650000; 0.00; 0.00; 0.97
58386769.262000; 0.00; 0.00; 1.00
58403858.096000; 0.00; 0.00; 0.54
58418458.345000; 0.00; 0.00; -0.06
58436952.944000; 0.00; 0.00; -0.83
58452066.108000; 0.00; 0.00; -1.45
58468154.047000; 0.00; 0.00; -2.11
58483971.281000; 0.00; 0.00; -2.77
58499440.635000; 0.00; 0.00; -3.40
58515065.526000; 0.00; 0.00; -4.05
58529959.039000; 0.00; 0.00; -4.66
58547789.936000; 0.00; 0.00; -5.38
58564076.154000; 0.00; 0.00; -6.07
58579284.302000; 0.00; 0.00; -6.70
58594752.469000; 0.00; 0.00; -7.34
58611924.414000; 0.00; 0.00; -8.01
58628322.239000; 0.00; 0.00; -8.72
58644156.094000; 0.00; 0.00; -9.38
58659911.589000; 0.00; 0.00; -10.03
58675416.562000; 0.00; 0.00; -10.66
58690769.561000; 0.00; 0.00; -11.29
58706791.010000; 0.00; 0.00; -11.96
58725588.371000; 0.00; 0.00; -12.74
58741245.320000; 0.00; 0.00; -13.38
58755985.671000; 0.00; 0.00; -13.99
58771682.987000; 0.00; 0.00; -14.63
58786968.309000; 0.00; 0.00; -15.26
58802705.994000; 0.00; 0.00; -15.92
58818886.542000; 0.00; 0.00; -16.58
58834991.103000; 0.00; 0.00; -17.24
58853359.848000; 0.00; 0.00; -18.01
58868875.507000; 0.00; 0.00; -18.64
58884007.668000; 0.00; 0.00; -19.27
58898795.511000; 0.00; 0.00; -19.88
58917792.339000; 0.00; 0.00; -20.66
58930397.921000; 0.00; 0.00; -21.18
58949693.949000; 0.00; 0.00; -21.97
58962926.427000; 0.00; 0.00; -22.51
58979204.334000; 0.00; 0.00; -23.20
58994566.831000; 0.00; 0.00; -23.83
59010394.750000; 0.00; 0.00; -24.48
59029249.102000; 0.00; 0.00; -25.26
59042225.123000; 0.00; 0.00; -25.80
59060538.065000; 0.00; 0.00; -26.55
59075962.302000; 0.00; 0.00; -27.19
59092113.167000; 0.00; 0.00; -27.85
59107624.077000; 0.00; 0.00; -28.49
59122445.165000; 0.00; 0.00; -29.10
59140943.326000; 0.00; 0.00; -29.87
59157954.985000; 0.00; 0.00; -30.53
59172867.495000; 0.00; 0.00; -31.18
59187997.281000; 0.00; 0.00; -31.81
59202842.115000; 0.00; 0.00; -32.42
59219066.593000; 0.00; 0.00; -33.09
59234699.795000; 0.00; 0.00; -33.73
59250911.213000; 0.00; 0.00; -34.40
59267554.808000; 0.00; 0.00; -35.09
59283637.998000; 0.00; 0.00; -35.75
59298871.079000; 0.00; 0.00; -36.38
59316147.507000; 0.00; 0.00; -37.09
59331458.950000; 0.00; 0.00; -37.73
59347075.530000; 0.00; 0.00; -38.37
59362722.979000; 0.00; 0.00; -39.01
59379055.502000; 0.00; 0.00; -39.65
59396456.596000; 0.00; 0.00; -40.41
59411049.722000; 0.00; 0.00; -41.01
59426440.714000; 0.00; 0.00; -41.65
59443960.539000; 0.00; 0.00; -42.37
59458248.528000; 0.00; 0.00; -42.96
59474119.190000; 0.00; 0.00; -43.61
59493189.631000; 0.00; 0.00; -44.40
59506919.588000; 0.00; 0.00; -44.96
59522643.025000; 0.00; 0.00; -45.61
59539443.345000; 0.00; 0.00; -46.30
59554164.699000; 0.00; 0.00; -46.91
59571726.079000; 0.00; 0.00; -47.64
59586613.655000; 0.00; 0.00; -48.24
59602719.403000; 0.00; 0.00; -48.92
59620486.187000; 0.00; 0.00; -49.65
59635181.420000; 0.00; 0.00; -50.26
59650409.752000; 0.00; 0.00; -50.88
59666932.243000; 0.00; 0.00; -51.57
59686148.722000; 0.00; 0.00; -52.34
59699009.574000; 0.00; 0.00; -52.88
59716200.516000; 0.00; 0.00; -53.57
59730804.328000; 0.00; 0.00; -54.20
59746361.542000; 0.00; 0.00; -54.84
59764463.145000; 0.00; 0.00; -55.59
59778645.464000; 0.00; 0.00; -56.17
59793996.088000; 0.00; 0.00; -56.81
59811466.046000; 0.00; 0.00; -57.53
59826810.733000; 0.00; 0.00; -58.16
59844399.421000; 0.00; 0.00; -58.89
59858823.950000; 0.00; 0.00; -59.48
59874355.044000; 0.00; 0.00; -60.11
59890078.481000; 0.00; 0.00; -60.76
59906590.286000; 0.00; 0.00; -61.45
59922471.634000; 0.00; 0.00; -62.10
59939057.052000; 0.00; 0.00; -62.78
59955742.204000; 0.00; 0.00; -63.48
59971793.336000; 0.00; 0.00; -64.13
59987978.633000; 0.00; 0.00; -64.80
60003522.788000; 0.00; 0.00; -65.44
60018689.380000; 0.00; 0.00; -66.07
60035050.398000; 0.00; 0.00; -66.74
60050837.949000; 0.00; 0.00; -67.40
60066604.129000; 0.00; 0.00; -68.05
60085737.496000; 0.00; 0.00; -68.84
60101713.829000; 0.00; 0.00; -69.49
60114643.545000; 0.00; 0.00; -70.03
60131005.750000; 0.00; 0.00; -70.71
60147153.053000; 0.00; 0.00; -71.37
60162919.233000; 0.00; 0.00; -72.02
60178673.540000; 0.00; 0.00; -72.67
60194355.421000; 0.00; 0.00; -73.32
60210805.487000; 0.00; 0.00; -74.00
60226182.232000; 0.00; 0.00; -74.64
60243842.158000; 0.00; 0.00; -75.36
60259418.369000; 0.00; 0.00; -76.01
60275609.603000; 0.00; 0.00; -76.67
60290444.938000; 0.00; 0.00; -77.28
60307099.220000; 0.00; 0.00; -77.97
60323115.920000; 0.00; 0.00; -78.63
60338427.363000; 0.00; 0.00; -79.26
60356813.918000; 0.00; 0.00; -80.02
60371185.018000; 0.00; 0.00; -80.62
60387987.713000; 0.00; 0.00; -81.26
60402337.441000; 0.00; 0.00; -81.90
60420112.536000; 0.00; 0.00; -82.63
60435944.017000; 0.00; 0.00; -83.29
60452814.387000; 0.00; 0.00; -83.98
60468985.437000; 0.00; 0.00; -84.63
60483983.433000; 0.00; 0.00; -85.27
60499045.543000; 0.00; 0.00; -85.89
60516118.942000; 0.00; 0.00; -86.59
60530612.334000; 0.00; 0.00; -87.19
60547038.653000; 0.00; 0.00; -87.87
60562373.843000; 0.00; 0.00; -88.50
60580946.804000; 0.00; 0.00; -89.27
60596061.155000; 0.00; 0.00; -89.89
60611430.776000; 0.00; 0.00; -90.53
60627080.600000; 0.00; 0.00; -91.17
60642473.967000; 0.00; 0.00; -91.80
60658148.725000; 0.00; 0.00; -92.45
60675996.244000; 0.00; 0.00; -93.19
60691815.853000; 0.00; 0.00; -93.84
60706866.090000; 0.00; 0.00; -94.46
60723981.044000; 0.00; 0.00; -95.17
60739119.141000; 0.00; 0.00; -95.79
60754709.600000; 0.00; 0.00; -96.42
60772957.241000; 0.00; 0.00; -97.19
60789825.237000; 0.00; 0.00; -97.85
60804624.953000; 0.00; 0.00; -98.49
60820755.634000; 0.00; 0.00; -99.16
60835341.636000; 0.00; 0.00; -99.76
60850744.501000; 0.00; 0.00; -100.40
60866429.945000; 0.00; 0.00; -101.04
60882099.953000; 0.00; 0.00; -101.69
60900887.816000; 0.00; 0.00; -102.46
60914353.005000; 0.00; 0.00; -103.02
60932503.286000; 0.00; 0.00; -103.77
60947799.295000; 0.00; 0.00; -104.40
60963457.430000; 0.00; 0.00; -105.05
60979193.927000; 0.00; 0.00; -105.70
60996698.317000; 0.00; 0.00; -106.40
61012110.681000; 0.00; 0.00; -107.05
61028557.184000; 0.00; 0.00; -107.73
61043418.640000; 0.00; 0.00; -108.34
61059061.341000; 0.00; 0.00; -108.99
61075643.197000; 0.00; 0.00; -109.67
61091412.938000; 0.00; 0.00; -110.32
61108014.979000; 0.00; 0.00; -110.97
61123315.736000; 0.00; 0.00; -111.63
61139157.903000; 0.00; 0.00; -112.29
61154449.162000; 0.00; 0.00; -112.92
61170823.240000; 0.00; 0.00; -113.60
61187038.220000; 0.00; 0.00; -114.27
61202938.565000; 0.00; 0.00; -114.92
61218828.224000; 0.00; 0.00; -115.58
61234854.423000; 0.00; 0.00; -116.24
61250417.574000; 0.00; 0.00; -116.88
61268022.885000; 0.00; 0.00; -117.61
61283374.696000; 0.00; 0.00; -118.24
61299038.768000; 0.00; 0.00; -118.89
61314732.522000; 0.00; 0.00; -119.54
61331742.994000; 0.00; 0.00; -120.20
61347940.164000; 0.00; 0.00; -120.90
61363674.287000; 0.00; 0.00; -121.55
61378919.241000; 0.00; 0.00; -122.18
61394761.409000; 0.00; 0.00; -122.84
61412833.328000; 0.00; 0.00; -123.58
61427926.308000; 0.00; 0.00; -124.21
61443792.221000; 0.00; 0.00; -124.86
61458361.601000; 0.00; 0.00; -125.46
61477323.997000; 0.00; 0.00; -126.24
61493555.599000; 0.00; 0.00; -126.91
61509151.994000; 0.00; 0.00; -127.55
61524716.333000; 0.00; 0.00; -128.19
61539814.062000; 0.00; 0.00; -128.82
61554512.857000; 0.00; 0.00; -129.43
61571628.999000; 0.00; 0.00; -130.12
61586881.077000; 0.00; 0.00; -130.76
61605668.940000; 0.00; 0.00; -131.54
61620807.037000; 0.00; 0.00; -132.16
61637146.684000; 0.00; 0.00; -132.83
61652883.181000; 0.00; 0.00; -133.48
61669846.161000; 0.00; 0.00; -134.17
61682733.134000; 0.00; 0.00; -134.71
61698444.698000; 0.00; 0.00; -135.36
61717591.126000; 0.00; 0.00; -136.15
61733161.401000; 0.00; 0.00; -136.80
61748844.469000; 0.00; 0.00; -137.44
61764414.744000; 0.00; 0.00; -138.09
61779951.775000; 0.00; 0.00; -138.73
61795747.637000; 0.00; 0.00; -139.38
61811665.792000; 0.00; 0.00; -140.03
61826968.924000; 0.00; 0.00; -140.67
61842774.284000; 0.00; 0.00; -141.32
61858324.375000; 0.00; 0.00; -141.96
61877016.067000; 0.00; 0.00; -142.73
61890679.535000; 0.00; 0.00; -143.29
61906553.759000; 0.00; 0.00; -143.95
61924973.558000; 0.00; 0.00; -144.71
61940927.332000; 0.00; 0.00; -145.37
61955890.896000; 0.00; 0.00; -145.98
61971230.834000; 0.00; 0.00; -146.61
61987590.665000; 0.00; 0.00; -147.29
62003642.984000; 0.00; 0.00; -147.95
62019918.516000; 0.00; 0.00; -148.63
62035671.636000; 0.00; 0.00; -149.26
62051015.136000; 0.00; 0.00; -149.91
62066172.230000; 0.00; 0.00; -150.53
62082260.169000; 0.00; 0.00; -151.20
62098603.377000; 0.00; 0.00; -151.86
62116722.789000; 0.00; 0.00; -152.62
62131239.927000; 0.00; 0.00; -153.22
62146057.453000; 0.00; 0.00; -153.83
62162503.957000; 0.00; 0.00; -154.51
62177983.997000; 0.00; 0.00; -155.15
62196191.269000; 0.00; 0.00; -155.90
62211367.360000; 0.00; 0.00; -156.52
62226683.552000; 0.00; 0.00; -157.16
62245077.231000; 0.00; 0.00; -157.91
62260317.436000; 0.00; 0.00; -158.54
62274915.311000; 0.00; 0.00; -159.15
62291076.862000; 0.00; 0.00; -159.81
62307144.616000; 0.00; 0.00; -160.47
62322666.212000; 0.00; 0.00; -161.11
62340852.113000; 0.00; 0.00; -161.86
62355757.499000; 0.00; 0.00; -162.48
62370299.570000; 0.00; 0.00; -163.08
62388183.896000; 0.00; 0.00; -163.82
62402072.952000; 0.00; 0.00; -164.39
62420307.532000; 0.00; 0.00; -165.14
62434811.610000; 0.00; 0.00; -165.74
62450782.006000; 0.00; 0.00; -166.40
62466452.014000; 0.00; 0.00; -167.04
62482247.877000; 0.00; 0.00; -167.69
62500591.689000; 0.00; 0.00; -168.44
62515546.941000; 0.00; 0.00; -169.07
62531471.032000; 0.00; 0.00; -169.72
62546662.558000; 0.00; 0.00; -170.35
62562514.223000; 0.00; 0.00; -171.01
62579109.140000; 0.00; 0.00; -171.69
62594439.580000; 0.00; 0.00; -172.32
62612372.585000; 0.00; 0.00; -173.06
62627581.920000; 0.00; 0.00; -173.68
62642894.551000; 0.00; 0.00; -174.32
62657868.801000; 0.00; 0.00; -174.94
62676184.117000; 0.00; 0.00; -175.70
62691250.976000; 0.00; 0.00; -176.31
62708076.229000; 0.00; 0.00; -176.96
62723739.114000; 0.00; 0.00; -177.65
62739887.605000; 0.00; 0.00; -178.32
62756144.140000; 0.00; 0.00; -178.99
62771221.685000; 0.00; 0.00; -179.61
62788118.176000; 0.00; 0.00; 179.69
62803652.832000; 0.00; 0.00; 179.04
62820183.634000; 0.00; 0.00; 178.36
62835780.029000; 0.00; 0.00; 177.72
62851765.860000; 0.00; 0.00; 177.06
62867464.364000; 0.00; 0.00; 176.42
62882856.543000; 0.00; 0.00; 175.78
62901827.251000; 0.00; 0.00; 175.00
62914936.249000; 0.00; 0.00; 174.46
62930662.061000; 0.00; 0.00; 173.80
62946577.840000; 0.00; 0.00; 173.16
62962173.049000; 0.00; 0.00; 172.50
62978449.768000; 0.00; 0.00; 171.83
62994675.434000; 0.00; 0.00; 171.17
63011034.077000; 0.00; 0.00; 170.49
63026946.295000; 0.00; 0.00; 169.83
63045448.018000; 0.00; 0.00; 169.07
63058443.035000; 0.00; 0.00; 168.53
63074699.571000; 0.00; 0.00; 167.87
63090839.751000; 0.00; 0.00; 167.20
63107090.350000; 0.00; 0.00; 166.53
63123080.929000; 0.00; 0.00; 165.87
63138669.014000; 0.00; 0.00; 165.23
63154747.454000; 0.00; 0.00; 164.56
63170771.278000; 0.00; 0.00; 163.90
63187343.636000; 0.00; 0.00; 163.22
63202689.511000; 0.00; 0.00; 162.59
63218859.373000; 0.00; 0.00; 161.92
63235326.061000; 0.00; 0.00; 161.24
63251685.892000; 0.00; 0.00; 160.57
63267685.970000; 0.00; 0.00; 159.91
63283358.353000; 0.00; 0.00; 159.26
63300665.650000; 0.00; 0.00; 158.55
63316678.789000; 0.00; 0.00; 157.88
63332659.870000; 0.00; 0.00; 157.23
63348437.923000; 0.00; 0.00; 156.58
63363957.144000; 0.00; 0.00; 155.95
63379622.403000; 0.00; 0.00; 155.30
63394999.148000; 0.00; 0.00; 154.03
63411750.788000; 0.00; 0.00; 151.43
63427166.714000; 0.00; 0.00; 149.05
63443114.551000; 0.00; 0.00; 146.58
63458782.185000; 0.00; 0.00; 144.16
63475182.384000; 0.00; 0.00; 141.62
63491565.960000; 0.00; 0.00; 139.09
63506989.010000; 0.00; 0.00; 136.71
63522848.986000; 0.00; 0.00; 134.26
63539126.893000; 0.00; 0.00; 131.74
63557124.013000; 0.00; 0.00; 128.96
63572155.253000; 0.00; 0.00; 126.65
63588208.760000; 0.00; 0.00; 124.15
63604496.165000; 0.00; 0.00; 121.74
63619712.624000; 0.00; 0.00; 119.27
63635679.458000; 0.00; 0.00; 116.82
63651673.600000; 0.00; 0.00; 114.34
63666759.456000; 0.00; 0.00; 111.99
63685762.220000; 0.00; 0.00; 109.06
63698099.472000; 0.00; 0.00; 107.15
63717898.916000; 0.00; 0.00; 104.20
63733671.032000; 0.00; 0.00; 101.66
63746467.770000; 0.00; 0.00; 99.66
63765662.878000; 0.00; 0.00; 96.71
63778575.971000; 0.00; 0.00; 94.70
63794686.469000; 0.00; 0.00; 92.21
63810425.340000; 0.00; 0.00; 89.76
63829666.752000; 0.00; 0.00; 86.82
63845131.358000; 0.00; 0.00; 84.40
63860424.991000; 0.00; 0.00; 82.03
63876276.657000; 0.00; 0.00; 79.58
63892021.465000; 0.00; 0.00; 77.15
63906993.340000; 0.00; 0.00; 74.83
63922860.440000; 0.00; 0.00; 72.39
63938874.766000; 0.00; 0.00; 69.91
63955678.648000; 0.00; 0.00; 67.33
63970591.158000; 0.00; 0.00; 65.00
63986419.077000; 0.00; 0.00; 62.55
64002839.460000; 0.00; 0.00; 60.01
64018824.103000; 0.00; 0.00; 57.54
64034586.721000; 0.00; 0.00; 55.09
64050849.193000; 0.00; 0.00; 52.59
64066852.833000; 0.00; 0.00; 50.11
64083979.661000; 0.00; 0.00; 47.47
64099159.314000; 0.00; 0.00; 45.11
64115193.824000; 0.00; 0.00; 42.65
64130198.943000; 0.00; 0.00; 40.31
64146935.148000; 0.00; 0.00; 37.72
64163154.877000; 0.00; 0.00; 35.25
64178436.638000; 0.00; 0.00; 32.85
64194904.513000; 0.00; 0.00; 30.30
64211011.448000; 0.00; 0.00; 27.80
64226510.485000; 0.00; 0.00; 25.40
64242971.237000; 0.00; 0.00; 22.85
64259348.877000; 0.00; 0.00; 20.32
64275050.942000; 0.00; 0.00; 17.91
64291422.646000; 0.00; 0.00; 15.39
64307676.807000; 0.00; 0.00; 12.90
64322830.339000; 0.00; 0.00; 10.51
64339044.131000; 0.00; 0.00; 8.01
64357694.267000; 0.00; 0.00; 5.11
64370632.294000; 0.00; 0.00; 3.14
64386822.341000; 0.00; 0.00; 0.62
64405826.292000; 0.00; 0.00; 0.25
64421104.491000; 0.00; 0.00; 0.25
64436821.991000; 0.00; 0.00; 0.25
64452649.911000; 0.00; 0.00; 0.25
64467998.160000; 0.00; 0.00; 0.25
64484916.023000; 0.00; 0.00; 0.25
64500257.149000; 0.00; 0.00; 0.25
64515836.922000; 0.00; 0.00; 0.25
64530830.168000; 0.00; 0.00; 0.25
64547136.570000; 0.00; 0.00; 0.25
64562662.915000; 0.00; 0.00; 0.25
64578254.562000; 0.00; 0.00; 0.25
64594627.453000; 0.00; 0.00; 0.25
64610726.077000; 0.00; 0.00; 0.25
64627096.593000; 0.00; 0.00; 0.25
64643292.576000; 0.00; 0.00; 0.25
64658950.712000; 0.00; 0.00; 0.25
64674681.272000; 0.00; 0.00; 0.25
64690670.665000; 0.00; 0.00; 0.25
64706964.007000; 0.00; 0.00; 0.25
64722841.793000; 0.00; 0.00; 0.25
64738853.744000; 0.00; 0.00; 0.25
64754989.175000; 0.00; 0.00; 0.25
64770870.523000; 0.00; 0.00; 0.25
64787162.677000; 0.00; 0.00; 0.25
64802824.374000; 0.00; 0.00; 0.25
64819129.589000; 0.00; 0.00; 0.25
64834672.556000; 0.00; 0.00; 0.25
64851984.603000; 0.00; 0.00; 0.25
64867671.233000; 0.00; 0.00; 0.25
64882489.946000; 0.00; 0.00; 0.25
64898791.599000; 0.00; 0.00; 0.25
64915111.062000; 0.00; 0.00; 0.25
64930955.603000; 0.00; 0.00; 0.25
64946756.215000; 0.00; 0.00; 0.25
64962733.734000; 0.00; 0.00; 0.25
64979677.717000; 0.00; 0.00; 0.25
64995973.434000; 0.00; 0.00; 0.25
65011614.947000; 0.00; 0.00; 0.25
65027168.600000; 0.00; 0.00; 0.25
65042705.630000; 0.00; 0.00; 0.25
65058882.616000; 0.00; 0.00; 0.25
65075585.577000; 0.00; 0.00; 0.25
65091925.224000; 0.00; 0.00; 0.25
65107768.578000; 0.00; 0.00; 0.25
65123407.717000; 0.00; 0.00; 0.25
65140124.925000; 0.00; 0.00; 0.25
65155811.556000; 0.00; 0.00; 0.25
65171143.183000; 0.00; 0.00; 0.25
65187694.169000; 0.00; 0.00; 0.25
65203951.892000; 0.00; 0.00; 0.25
65220664.351000; 0.00; 0.00; 0.25
65237134.601000; 0.00; 0.00; 0.25
65252905.530000; 0.00; 0.00; 0.25
65268664.586000; 0.00; 0.00; 0.25
65284072.200000; 0.00; 0.00; 0.25
65299560.552000; 0.00; 0.00; 0.25
65315185.442000; 0.00; 0.00; 0.25
65330962.308000; 0.00; 0.00; 0.25
65346855.529000; 0.00; 0.00; 0.25
65362827.112000; 0.00; 0.00; 0.25
65378801.070000; 0.00; 0.00; 0.25
65397856.075000; 0.00; 0.00; 0.25
65412927.683000; 0.00; 0.00; 0.25
65426750.250000; 0.00; 0.00; 0.25
65445694.837000; 0.00; 0.00; 0.25
65461117.886000; 0.00; 0.00; 0.25
65477229.571000; 0.00; 0.00; 0.25
65492922.138000; 0.00; 0.00; 0.25
65508592.146000; 0.00; 0.00; 0.25
65524520.986000; 0.00; 0.00; 0.25
65541271.439000; 0.00; 0.00; 0.25
65556530.641000; 0.00; 0.00; 0.25
65572720.688000; 0.00; 0.00; 0.25
65589093.579000; 0.00; 0.00; 0.25
65604651.981000; 0.00; 0.00; 0.25
65619956.300000; 0.00; 0.00; 0.25
65635816.277000; 0.00; 0.00; 0.25
65651823.479000; 0.00; 0.00; 0.25
65668216.554000; 0.00; 0.00; 0.25
65683891.311000; 0.00; 0.00; 0.25
65700422.114000; 0.00; 0.00; 0.25
65715960.331000; 0.00; 0.00; 0.25
65731662.397000; 0.00; 0.00; 0.25
65747749.148000; 0.00; 0.00; 0.25
65763977.188000; 0.00; 0.00; 0.25
65779655.508000; 0.00; 0.00; 0.25
65795748.195000; 0.00; 0.00; 0.25
65812403.664000; 0.00; 0.00; 0.25
65827743.603000; 0.00; 0.00; 0.25
65843652.259000; 0.00; 0.00; 0.25
65859889.797000; 0.00; 0.00; 0.25
65875640.542000; 0.00; 0.00; 0.25
65891451.839000; 0.00; 0.00; 0.25
65907898.343000; 0.00; 0.00; 0.25
65923887.736000; 0.00; 0.00; 0.25
65940690.430000; 0.00; 0.00; 0.25
65957580.984000; 0.00; 0.00; 0.25
65970758.846000; 0.00; 0.00; 0.25
65986918.023000; 0.00; 0.00; 0.25
66003045.142000; 0.00; 0.00; 0.25
66018888.497000; 0.00; 0.00; 0.25
66035200.835000; 0.00; 0.00; 0.25
66051824.247000; 0.00; 0.00; 0.25
66067933.557000; 0.00; 0.00; 0.25
66083204.632000; 0.00; 0.00; 0.25
66099044.424000; 0.00; 0.00; 0.25
66114924.585000; 0.00; 0.00; 0.25
66131225.051000; 0.00; 0.00; 0.25
66146995.980000; 0.00; 0.00; 0.25
66162727.728000; 0.00; 0.00; 0.25
66179158.796000; 0.00; 0.00; 0.25
66194852.551000; 0.00; 0.00; 0.25
66210751.708000; 0.00; 0.00; 0.25
66227284.885000; 0.00; 0.00; 0.25
66243046.316000; 0.00; 0.00; 0.25
66258521.607000; 0.00; 0.00; 0.25
66274560.866000; 0.00; 0.00; 0.25
66290831.649000; 0.00; 0.00; 0.25
66306908.902000; 0.00; 0.00; 0.25
66322740.383000; 0.00; 0.00; 0.25
66339342.423000; 0.00; 0.00; 0.25
66355660.698000; 0.00; 0.00; 0.25
66371492.180000; 0.00; 0.00; 0.25
66388128.652000; 0.00; 0.00; 0.25
66402718.215000; 0.00; 0.00; 0.25
66418784.782000; 0.00; 0.00; 0.25
66434965.331000; 0.00; 0.00; 0.25
66450831.244000; 0.00; 0.00; 0.25
66467332.363000; 0.00; 0.00; 0.25
66482940.632000; 0.00; 0.00; 0.25
66499104.558000; 0.00; 0.00; 0.25
66515750.528000; 0.00; 0.00; 0.25
66531781.476000; 0.00; 0.00; 0.25
66547539.345000; 0.00; 0.00; 0.25
66562685.753000; 0.00; 0.00; 0.25
66578619.342000; 0.00; 0.00; 0.25
66594313.097000; 0.00; 0.00; 0.25
66610723.981000; 0.00; 0.00; 0.25
66627069.564000; 0.00; 0.00; 0.25
66642578.100000; 0.00; 0.00; 0.25
66659514.959000; 0.00; 0.00; 0.25
66675118.478000; 0.00; 0.00; 0.25
66691810.754000; 0.00; 0.00; 0.25
66707768.089000; 0.00; 0.00; 0.25
66724015.126000; 0.00; 0.00; 0.25
66739866.791000; 0.00; 0.00; 0.25
66755621.098000; 0.00; 0.00; 0.25
66772027.234000; 0.00; 0.00; 0.25
66787872.963000; 0.00; 0.00; 0.25
66803622.520000; 0.00; 0.00; 0.25
66819949.106000; 0.00; 0.00; 0.25
66835981.242000; 0.00; 0.00; 0.25
66851802.037000; 0.00; 0.00; 0.25
66868049.074000; 0.00; 0.00; 0.25
66883872.245000; 0.00; 0.00; 0.25
66899799.897000; 0.00; 0.00; 0.25
66916437.557000; 0.00; 0.00; 0.25
66931896.225000; 0.00; 0.00; 0.25
66948717.916000; 0.00; 0.00; 0.25
66964735.804000; 0.00; 0.00; 0.25
66980943.660000; 0.00; 0.00; 0.25
66997119.459000; 0.00; 0.00; 0.25
67010262.889000; 0.00; 0.00; 0.25
67026709.393000; 0.00; 0.00; 0.25
67043398.106000; 0.00; 0.00; 0.25
67058948.197000; 0.00; 0.00; 0.25
67074950.650000; 0.00; 0.00; 0.25
67091703.477000; 0.00; 0.00; 0.25
67106817.828000; 0.00; 0.00; 0.25
67122954.446000; 0.00; 0.00; 0.25
67139492.372000; 0.00; 0.00; 0.25
67154834.685000; 0.00; 0.00; 0.25
67170923.811000; 0.00; 0.00; 0.25
67187217.153000; 0.00; 0.00; 0.25
67202748.247000; 0.00; 0.00; 0.25
67219005.970000; 0.00; 0.00; 0.25
67237841.324000; 0.00; 0.00; 0.25
67253024.539000; 0.00; 0.00; 0.25
67268074.776000; 0.00; 0.00; 0.25
67283210.498000; 0.00; 0.00; 0.25
67298514.818000; 0.00; 0.00; 0.25
67316846.757000; 0.00; 0.00; 0.25
67331565.736000; 0.00; 0.00; 0.25
67348035.986000; 0.00; 0.00; 0.25
67363098.096000; 0.00; 0.00; 0.25
67380893.374000; 0.00; 0.00; 0.25
67394916.595000; 0.00; 0.00; 0.25
67413129.804000; 0.00; 0.00; 0.25
67427399.983000; 0.00; 0.00; 0.25
67442405.103000; 0.00; 0.00; 0.25
67460759.600000; 0.00; 0.00; 0.25
67475732.663000; 0.00; 0.00; 0.25
67490812.582000; 0.00; 0.00; 0.25
67506761.606000; 0.00; 0.00; 0.25
67525701.444000; 0.00; 0.00; 0.25
67538987.350000; 0.00; 0.00; 0.25
67556814.686000; 0.00; 0.00; 0.25
67571794.872000; 0.00; 0.00; 0.25
67588069.216000; 0.00; 0.00; 0.25
67604924.152000; 0.00; 0.00; 0.25
67620553.792000; 0.00; 0.00; 0.25
67636055.204000; 0.00; 0.00; 0.25
67651101.878000; 0.00; 0.00; 0.25
67666860.934000; 0.00; 0.00; 0.25
67682909.692000; 0.00; 0.00; 0.25
67698951.326000; 0.00; 0.00; 0.25
67715159.182000; 0.00; 0.00; 0.25
67730662.968000; 0.00; 0.00; 0.25
67746544.316000; 0.00; 0.00; 0.25
67764917.810000; 0.00; 0.00; 0.25
67780306.428000; 0.00; 0.00; 0.25
67795709.294000; 0.00; 0.00; 0.25
67810994.616000; 0.00; 0.00; 0.25
67827093.240000; 0.00; 0.00; 0.25
67842731.192000; 0.00; 0.00; 0.25
67859277.429000; 0.00; 0.00; 0.25
67875562.459000; 0.00; 0.00; 0.25
67891633.776000; 0.00; 0.00; 0.25
67907652.851000; 0.00; 0.00; 0.25
67924100.542000; 0.00; 0.00; 0.25
67939928.461000; 0.00; 0.00; 0.25
67955816.933000; 0.00; 0.00; 0.25
67971742.211000; 0.00; 0.00; 0.25
67987899.013000; 0.00; 0.00; 0.25
68002982.495000; 0.00; 0.00; 0.25
68018798.541000; 0.00; 0.00; 0.25
68034759.438000; 0.00; 0.00; 0.25
68053270.660000; 0.00; 0.00; 0.25
68068358.890000; 0.00; 0.00; 0.25
68083599.095000; 0.00; 0.00; 0.25
68099428.202000; 0.00; 0.00; 0.25
68115295.302000; 0.00; 0.00; 0.25
68130605.558000; 0.00; 0.00; 0.25
68149804.227000; 0.00; 0.00; 0.25
68162103.486000; 0.00; 0.00; 0.25
68180257.330000; 0.00; 0.00; 0.25
68194645.052000; 0.00; 0.00; 0.25
68210533.524000; 0.00; 0.00; 0.25
