t; x; y; theta
55539757.421000; -0.01; 0.00; 0.00
55552563.657000; -0.01; 0.00; 0.00
55569204.878000; -0.01; 0.00; 0.00
55585061.293000; -0.01; 0.00; 0.00
55600631.568000; -0.01; 0.00; 0.00
55616505.792000; -0.01; 0.00; 0.00
55632691.090000; -0.01; 0.00; 0.00
55648787.339000; -0.01; 0.00; 0.00
55664698.370000; -0.01; 0.00; 0.00
55680953.718000; -0.01; 0.00; 0.00
55697997.434000; -0.01; 0.00; 0.00
55713615.201000; -0.01; 0.00; 0.00
55728921.895000; -0.01; 0.00; 0.00
55745352.964000; -0.01; 0.00; 0.00
55760900.681000; -0.01; 0.00; 0.00
55776967.248000; -0.01; 0.00; 0.00
55792922.208000; -0.01; 0.00; 0.00
55808938.909000; -0.01; 0.00; 0.00
55824740.708000; -0.01; 0.00; 0.00
55840897.510000; -0.01; 0.00; 0.00
55856734.928000; -0.01; 0.00; 0.00
55872754.003000; -0.01; 0.00; 0.00
55891169.053000; -0.01; 0.00; 0.00
55905519.969000; -0.01; 0.00; 0.00
55920489.469000; -0.01; 0.00; 0.00
55939945.783000; -0.01; 0.00; 0.00
55955150.369000; -0.01; 0.00; 0.00
55970547.298000; -0.01; 0.00; 0.00
55985483.553000; -0.01; 0.00; 0.00
56000255.962000; -0.01; 0.00; 0.00
56017014.726000; -0.01; 0.00; 0.00
56034631.909000; -0.01; 0.00; 0.00
56051543.835000; -0.01; 0.00; 0.00
56067006.065000; -0.01; 0.00; 0.00
56083300.594000; -0.01; 0.00; 0.00
56098688.025000; -0.01; 0.00; 0.00
56115610.637000; -0.01; 0.00; 0.00
56128180.600000; -0.01; 0.00; 0.00
56145217.193000; -0.01; 0.00; 0.00
56161758.681000; -0.01; 0.00; 0.00
56177812.187000; -0.01; 0.00; 0.00
56194016.481000; -0.01; 0.00; 0.00
56209580.820000; -0.01; 0.00; 0.00
56226945.108000; -0.01; 0.00; 0.00
56242750.469000; -0.01; 0.00; 0.00
56258353.988000; -0.01; 0.00; 0.00
56274018.060000; -0.01; 0.00; 0.00
56290003.890000; -0.01; 0.00; 0.00
56306169.004000; -0.01; 0.00; 0.00
56321821.202000; -0.01; 0.00; 0.00
56337575.509000; -0.01; 0.00; 0.00
56352774.159000; -0.01; 0.00; 0.00
56369730.015000; -0.01; 0.00; 0.00
56385339.471000; -0.01; 0.00; 0.00
56401156.705000; -0.01; 0.00; 0.00
56416783.970000; -0.01; 0.00; 0.00
56432959.769000; -0.01; 0.00; 0.00
56448991.904000; -0.01; 0.00; 0.00
56464932.617000; -0.01; 0.00; 0.00
56481374.372000; -0.01; 0.00; 0.00
56497775.758000; -0.01; 0.00; 0.00
56513741.405000; -0.01; 0.00; 0.00
56529064.721000; -0.01; 0.00; 0.00
56545144.348000; -0.01; 0.00; 0.00
56560740.744000; -0.01; 0.00; 0.00
56576821.559000; -0.01; 0.00; 0.00
56592734.964000; -0.01; 0.00; 0.00
56608776.598000; -0.01; 0.00; 0.00
56624922.714000; -0.01; 0.00; 0.00
56641543.751000; -0.01; 0.00; 0.00
56657864.401000; -0.01; 0.00; 0.00
56672996.561000; -0.01; 0.00; 0.00
56689040.570000; -0.01; 0.00; 0.00
56704800.813000; -0.01; 0.00; 0.00
56720894.688000; -0.01; 0.00; 0.00
56737324.569000; -0.01; 0.00; 0.00
56753749.702000; -0.01; 0.00; 0.00
56769724.847000; -0.01; 0.00; 0.00
56785082.595000; -0.01; 0.00; 0.00
56801184.781000; -0.01; 0.00; 0.00
56817138.554000; -0.01; 0.00; 0.00
56834505.217000; -0.01; 0.00; 0.00
56850880.482000; -0.01; 0.00; 0.00
56866512.497000; -0.01; 0.00; 0.00
56882151.635000; -0.01; 0.00; 0.00
56897617.428000; -0.01; 0.00; 0.00
56913949.951000; -0.01; 0.00; 0.00
56929657.953000; -0.01; 0.00; 0.00
56945823.066000; -0.01; 0.00; 0.00
56961744.782000; -0.01; 0.00; 0.00
56977887.336000; -0.01; 0.00; 0.00
56994086.881000; -0.01; 0.00; 0.00
57010013.347000; -0.01; 0.00; 0.00
57025762.904000; -0.01; 0.00; 0.00
57041740.424000; -0.01; 0.00; 0.00
57058000.521000; -0.01; 0.00; 0.00
57074112.206000; -0.01; 0.00; 0.00
57089740.659000; -0.01; 0.00; 0.00
57104898.940000; -0.01; 0.00; 0.00
57120747.044000; -0.01; 0.00; 0.00
57136802.925000; -0.01; 0.00; 0.00
57153266.051000; -0.01; 0.00; 0.00
57168833.951000; -0.01; 0.00; 0.00
57184820.969000; -0.01; 0.00; 0.00
57201070.381000; -0.01; 0.00; 0.00
57216696.459000; -0.01; 0.00; 0.00
57234348.074000; -0.01; 0.00; 0.00
57249837.612000; -0.01; 0.00; 0.00
57266370.789000; -0.01; 0.00; 0.00
57281894.759000; -0.01; 0.00; 0.00
57297558.831000; -0.01; 0.00; 0.00
57312818.033000; -0.01; 0.00; 0.00
57328808.613000; -0.01; 0.00; 0.00
57344983.224000; -0.01; 0.00; 0.00
57361505.715000; -0.01; 0.00; 0.00
57377857.235000; -0.01; 0.00; 0.00
57393897.681000; -0.01; 0.00; 0.00
57410136.407000; -0.01; 0.00; 0.00
57425900.212000; -0.01; 0.00; 0.00
57441767.313000; -0.01; 0.00; 0.00
57456688.134000; -0.01; 0.00; 0.00
57472273.844000; -0.01; 0.00; 0.00
57491810.894000; -0.01; 0.00; 0.00
57505050.495000; -0.01; 0.00; 0.00
57520943.716000; -0.01; 0.00; 0.00
57537408.030000; -0.01; 0.00; 0.00
57553693.060000; -0.01; 0.00; 0.00
57569640.897000; -0.01; 0.00; 0.00
57585391.642000; -0.01; 0.00; 0.00
57600589.104000; -0.01; 0.00; 0.00
57619264.173000; -0.01; 0.00; 0.00
57634987.610000; -0.01; 0.00; 0.00
57651279.765000; -0.01; 0.00; 0.00
57666983.018000; -0.01; 0.00; 0.00
57682775.318000; -0.01; 0.00; 0.00
57698156.812000; -0.01; 0.00; 0.00
57713856.503000; -0.01; 0.00; 0.00
57729905.260000; -0.01; 0.00; 0.00
57745121.720000; -0.01; 0.00; 0.00
57760897.398000; -0.01; 0.00; 0.00
57781013.851000; -0.01; 0.00; 0.00
57793545.821000; -0.01; 0.00; 0.00
57809909.213000; -0.01; 0.00; 0.00
57825745.444000; -0.01; 0.00; 0.00
57841047.389000; -0.01; 0.00; 0.00
57860756.598000; -0.01; 0.00; 0.00
57872939.501000; -0.01; 0.00; 0.00
57888824.411000; -0.01; 0.00; 0.00
57906866.648000; -0.01; 0.00; 0.00
57921827.837000; -0.01; 0.00; 0.00
57937285.319000; -0.01; 0.00; 0.00
57953046.749000; -0.01; 0.00; 0.00
57969351.964000; -0.01; 0.00; 0.00
57985220.252000; -0.01; 0.00; 0.00
58001214.393000; -0.01; 0.00; 0.00
58017246.529000; -0.01; 0.00; 0.00
58034280.747000; -0.01; 0.00; 0.00
58049839.149000; -0.01; 0.00; 0.00
58065765.614000; -0.01; 0.00; 0.00
58081733.635000; -0.01; 0.00; 0.00
58097902.310000; -0.01; 0.00; 0.00
58113565.195000; -0.01; 0.00; 0.00
58128905.133000; -0.01; 0.00; 0.00
58146005.840000; -0.01; 0.00; 0.00
58162757.480000; -0.01; 0.00; 0.00
58178128.289000; -0.01; 0.00; 0.00
58193892.094000; -0.01; 0.00; 0.00
58209895.734000; -0.01; 0.00; 0.00
58224735.818000; -0.01; 0.00; 0.00
58240935.363000; -0.01; 0.00; 0.00
58257780.800000; -0.01; 0.00; 0.00
58274832.828000; -0.01; 0.00; 0.00
58290198.887000; -0.01; 0.00; 0.00
58305737.105000; -0.01; 0.00; 0.00
58322812.879000; -0.01; 0.00; 0.00
58339151.338000; -0.01; 0.00; 0.00
58354754.857000; -0.01; 0.00; 0.00
58368489.564000; -0.01; 0.00; 0.00
58386782.322000; -0.01; 0.00; 0.00
58402693.352000; -0.01; 0.00; 0.00
58418207.824000; -0.01; 0.00; 0.00
58433781.661000; -0.01; 0.00; 0.00
58449950.336000; -0.01; 0.00; 0.00
58465068.249000; -0.01; 0.00; 0.00
58482723.426000; -0.01; 0.00; 0.00
58497203.758000; -0.01; 0.00; 0.00
58512768.096000; -0.01; 0.00; 0.00
58528923.711000; -0.01; 0.00; 0.00
58549085.282000; -0.01; 0.00; 0.00
58560877.563000; -0.01; 0.00; 0.00
58576938.193000; -0.01; 0.00; 0.00
58593144.862000; -0.01; 0.00; 0.00
58609141.378000; -0.01; 0.00; 0.00
58624927.742000; -0.01; 0.00; 0.00
58641561.840000; -0.01; 0.00; 0.00
58656764.051000; -0.01; 0.00; 0.00
58672743.945000; -0.01; 0.00; 0.00
58688765.395000; -0.01; 0.00; 0.00
58704906.762000; -0.01; 0.00; 0.00
58720809.481000; -0.01; 0.00; 0.00
58736582.785000; -0.01; 0.00; 0.00
58753315.428000; -0.01; 0.00; 0.00
58769545.843000; -0.01; 0.00; 0.00
58785510.302000; -0.01; 0.00; 0.00
58801041.396000; -0.01; 0.00; 0.00
58817661.246000; -0.01; 0.00; 0.00
58833840.607000; -0.01; 0.00; 0.00
58850072.209000; -0.01; 0.00; 0.00
58865178.249000; -0.01; 0.00; 0.00
58881731.610000; -0.01; 0.00; 0.00
58896781.847000; -0.01; 0.00; 0.00
58912936.274000; -0.01; 0.00; 0.00
58929129.882000; -0.01; 0.00; 0.00
58946261.459000; -0.01; 0.00; 0.00
58961889.912000; -0.01; 0.00; 0.00
58977870.993000; -0.01; 0.00; 0.00
58994787.669000; -0.01; 0.00; 0.00
59010743.817000; -0.01; 0.00; 0.00
59025950.777000; -0.01; 0.00; 0.00
59042407.967000; -0.01; 0.00; 0.00
59057680.229000; -0.01; 0.00; 0.00
59072934.682000; -0.01; 0.00; 0.00
59089237.522000; -0.01; 0.00; 0.00
59104742.495000; -0.01; 0.00; 0.00
59121339.786000; -0.01; 0.00; 0.00
59137316.118000; -0.01; 0.00; 0.00
59152576.508000; -0.01; 0.00; 0.00
59168488.726000; -0.01; 0.00; 0.00
59184104.118000; -0.01; 0.00; 0.00
59203427.454000; -0.01; 0.00; 0.00
59216507.957000; -0.01; 0.00; 0.00
59234186.880000; -0.01; 0.00; 0.00
59249826.018000; -0.01; 0.00; 0.00
59264885.754000; -0.01; 0.00; 0.00
59281714.568000; -0.01; 0.00; 0.00
59298196.691000; -0.01; 0.00; 0.00
59313287.296000; -0.01; 0.00; 0.00
59329121.152000; -0.01; 0.00; 0.00
59345876.354000; -0.01; 0.00; 0.00
59361742.267000; -0.01; 0.00; 0.00
59377681.793000; -0.01; 0.00; 0.00
59393902.710000; -0.01; 0.00; 0.00
59409957.404000; -0.01; 0.00; 0.00
59426885.952000; -0.01; 0.00; 0.00
59442960.830000; -0.01; 0.00; 0.00
59458487.175000; -0.01; 0.00; 0.00
59474274.726000; -0.01; 0.00; 0.00
59489839.065000; -0.01; 0.00; 0.00
59505078.083000; -0.01; 0.00; 0.00
59521107.843000; -0.01; 0.00; 0.00
59536807.534000; -0.01; 0.00; 0.00
59553026.076000; -0.01; 0.00; 0.00
59569064.148000; -0.01; 0.00; 0.00
59584259.235000; -0.01; 0.00; 0.00
59602294.349000; -0.01; 0.00; 0.00
59617839.690000; -0.01; 0.00; 0.00
59633888.448000; -0.01; 0.00; 0.00
59649133.402000; -0.01; 0.00; 0.00
59665767.500000; -0.01; 0.00; 0.00
59680943.591000; -0.01; 0.00; 0.00
59699712.456000; -0.01; 0.00; 0.00
59713092.160000; -0.01; 0.00; 0.00
59729989.838000; -0.01; 0.00; 0.00
59745708.526000; -0.01; 0.00; 0.00
59761448.585000; -0.01; 0.00; 0.00
59776789.711000; -0.01; 0.00; 0.00
59795539.580000; -0.01; 0.00; 0.00
59808869.416000; -0.01; 0.00; 0.00
59824477.685000; -0.01; 0.00; 0.00
59842954.475000; -0.01; 0.00; 0.00
59857677.016000; -0.01; 0.00; 0.00
59873079.882000; -0.01; 0.00; 0.00
59888544.487000; -0.01; 0.00; 0.00
59904747.594000; -0.01; 0.00; 0.00
59919990.173000; -0.01; 0.00; 0.00
59936653.953000; -0.01; 0.00; 0.00
59952830.939000; -0.01; 0.00; 0.00
59968660.046000; -0.01; 0.00; 0.00
59984382.296000; -0.01; 0.00; 0.00
60000799.117000; -0.01; 0.00; 0.00
60018995.703000; -0.01; 0.00; 0.00
60033422.607000; -0.01; 0.00; 0.00
60048167.707000; -0.01; 0.00; 0.00
60066522.205000; -0.01; 0.00; 0.00
60081648.429000; -0.01; 0.00; 0.00
60097166.462000; -0.01; 0.00; 0.00
60112745.048000; -0.01; 0.00; 0.00
60131431.991000; -0.01; 0.00; 0.00
60146009.681000; -0.01; 0.00; 0.00
60161910.026000; -0.01; 0.00; 0.00
60177844.803000; -0.01; 0.00; 0.00
60193189.490000; -0.01; 0.00; 0.00
60208288.407000; -0.01; 0.00; 0.00
60224776.466000; -0.01; 0.00; 0.00
60241936.538000; -0.01; 0.00; 0.00
60256318.324000; -0.01; 0.00; 0.00
60273874.955000; -0.01; 0.00; 0.00
60289562.773000; -0.01; 0.00; 0.00
60305951.098000; -0.01; 0.00; 0.00
60321491.691000; -0.01; 0.00; 0.00
60337419.344000; -0.01; 0.00; 0.00
60352894.635000; -0.01; 0.00; 0.00
60368306.998000; -0.01; 0.00; 0.00
60385722.340000; -0.01; 0.00; 0.00
60400228.793000; -0.01; 0.00; 0.00
60416420.027000; -0.01; 0.00; 0.00
60433087.369000; -0.01; 0.00; 0.00
60448993.650000; -0.01; 0.00; 0.00
60464550.865000; -0.01; 0.00; 0.00
60482128.867000; -0.01; 0.00; 0.00
60496602.075000; -0.01; 0.00; 0.00
60514231.131000; -0.01; 0.00; 0.00
60529483.209000; -0.01; 0.00; 0.00
60544546.506000; -0.01; 0.00; 0.00
60562480.699000; -0.01; 0.00; 0.00
60577414.580000; -0.01; 0.00; 0.00
60592322.341000; -0.01; 0.00; 0.00
60611976.934000; -0.01; 0.00; 0.00
60624321.310000; -0.01; 0.00; 0.00
60642262.627000; -0.01; 0.00; 0.00
60657322.362000; -0.01; 0.00; 0.00
60673106.351000; -0.01; 0.00; 0.00
60691223.389000; -0.01; 0.00; 0.00
60705593.301000; -0.01; 0.00; 0.00
60720265.976000; -0.01; 0.00; 0.00
60736340.855000; -0.01; 0.00; 0.00
60754499.447000; -0.01; 0.00; 0.00
60768838.490000; -0.01; 0.00; 0.00
60784483.565000; -0.01; 0.00; 0.00
60802612.476000; -0.01; 0.00; 0.00
60818018.903000; -0.01; 0.00; 0.00
60835061.432000; -0.01; 0.00; 0.00
60850799.117000; -0.01; 0.00; 0.00
60866402.636000; -0.01; 0.00; 0.00
60882185.438000; -0.01; 0.00; 0.00
60897452.951000; -0.01; 0.00; 0.00
60913050.534000; -0.01; 0.00; 0.00
60929787.927000; -0.01; 0.00; 0.00
60945615.846000; -0.01; 0.00; 0.00
60961493.632000; -0.01; 0.00; 0.00
60977122.085000; -0.01; 0.00; 0.00
60992872.830000; -0.01; 0.00; 0.00
61008761.302000; -0.01; 0.00; 0.00
61024433.685000; -0.01; 0.00; 0.00
61041120.023000; -0.01; 0.00; 0.00
61057709.003000; -0.01; 0.00; 0.00
61073985.723000; -0.01; 0.00; 0.00
61088872.112000; -0.01; 0.00; 0.00
61104185.930000; -0.01; 0.00; 0.00
61119999.602000; -0.01; 0.00; 0.00
61139078.353000; -0.01; 0.00; 0.00
61154698.495000; -0.01; 0.00; 0.00
61169481.589000; -0.01; 0.00; 0.00
61184618.499000; -0.01; 0.00; 0.00
61203312.565000; -0.01; 0.00; 0.00
61215890.839000; -0.01; 0.00; 0.00
61233422.537000; -0.01; 0.00; 0.00
61248262.621000; -0.01; 0.00; 0.00
61265917.798000; -0.01; 0.00; 0.00
61282006.924000; -0.01; 0.00; 0.00
61296818.513000; -0.01; 0.00; 0.00
61312299.740000; -0.01; 0.00; 0.00
61328130.034000; -0.01; 0.00; 0.00
61344105.179000; -0.01; 0.00; 0.00
61362065.493000; -0.01; 0.00; 0.00
61377116.917000; -0.01; 0.00; 0.00
61396034.195000; -0.01; 0.00; 0.00
61408899.797000; -0.01; 0.00; 0.00
61424525.875000; -0.01; 0.00; 0.00
61442669.033000; -0.01; 0.00; 0.00
61457263.346000; -0.01; 0.00; 0.00
61472735.075000; -0.01; 0.00; 0.00
61487921.852000; -0.01; 0.00; 0.00
61507764.038000; -0.01; 0.00; 0.00
61522838.021000; -0.01; 0.00; 0.00
61538134.029000; -0.01; 0.00; 0.00
61554109.174000; -0.01; 0.00; 0.00
61569490.668000; -0.01; 0.00; 0.00
61585315.026000; -0.01; 0.00; 0.00
61600467.371000; -0.01; 0.00; 0.00
61618427.684000; -0.01; 0.00; 0.00
61632962.632000; -0.01; 0.00; 0.00
61649562.297000; -0.01; 0.00; 0.00
61665450.769000; -0.01; 0.00; 0.00
61681251.381000; -0.01; 0.00; 0.00
61697524.538000; -0.01; 0.00; 0.00
61713003.391000; -0.01; 0.00; 0.00
61728941.730000; -0.01; 0.00; 0.00
61744513.192000; -0.01; 0.00; 0.00
61762450.947000; -0.01; 0.00; 0.00
61777545.114000; -0.01; 0.00; 0.00
61793079.770000; -0.01; 0.00; 0.00
61809082.222000; -0.01; 0.00; 0.00
61824190.637000; -0.01; 0.00; 0.00
61842395.535000; -0.01; 0.00; 0.00
61857450.521000; -0.01; 0.00; 0.00
61873577.640000; -0.01; 0.00; 0.00
61888581.572000; -0.01; 0.00; 0.00
61906753.225000; -0.01; 0.00; 0.00
61921374.846000; -0.01; 0.00; 0.00
61937408.169000; -0.01; 0.00; 0.00
61952693.491000; -0.01; 0.00; 0.00
61970911.449000; -0.01; 0.00; 0.00
61985712.353000; -0.01; 0.00; 0.00
62000506.132000; -0.01; 0.00; 0.00
62016426.661000; -0.01; 0.00; 0.00
62034623.248000; -0.01; 0.00; 0.00
62049265.053000; -0.01; 0.00; 0.00
62064627.550000; -0.01; 0.00; 0.00
62080094.530000; -0.01; 0.00; 0.00
62098654.431000; -0.01; 0.00; 0.00
62114160.591000; -0.01; 0.00; 0.00
62129908.962000; -0.01; 0.00; 0.00
62145234.652000; -0.01; 0.00; 0.00
62161159.931000; -0.01; 0.00; 0.00
62176726.644000; -0.01; 0.00; 0.00
62193613.636000; -0.01; 0.00; 0.00
62209699.200000; -0.01; 0.00; 0.00
62226593.317000; -0.01; 0.00; 0.00
62240855.185000; -0.01; 0.00; 0.00
62256101.327000; -0.01; 0.00; 0.00
62272253.380000; -0.01; 0.00; 0.00
62291207.465000; -0.00; 0.00; 0.00
62306093.854000; -0.00; 0.00; 0.00
62322172.294000; -0.00; 0.00; 0.00
62337400.626000; -0.00; 0.00; 0.00
62352841.485000; 0.00; 0.00; 0.00
62367968.897000; 0.00; 0.00; 0.00
62385467.350000; 0.00; 0.00; 0.00
62400231.447000; 0.00; 0.00; 0.00
62417966.173000; 0.00; 0.00; 0.00
62433496.079000; 0.01; 0.00; 0.00
62448807.523000; 0.01; 0.00; 0.00
62464254.318000; 0.01; 0.00; 0.00
62481859.628000; 0.01; 0.00; 0.00
62496184.424000; 0.01; 0.00; 0.00
62514054.502000; 0.01; 0.00; 0.00
62529335.076000; 0.01; 0.00; 0.00
62545364.836000; 0.01; 0.00; 0.00
62560891.181000; 0.01; 0.00; 0.00
62576121.888000; 0.01; 0.00; 0.00
62593636.963000; 0.02; 0.00; 0.00
62609117.003000; 0.02; 0.00; 0.00
62624563.799000; 0.02; 0.00; 0.00
62642305.649000; 0.02; 0.00; 0.00
62656592.451000; 0.02; 0.00; 0.00
62671930.014000; 0.02; 0.00; 0.00
62689369.102000; 0.02; 0.00; 0.00
62704412.215000; 0.02; 0.00; 0.00
62722851.011000; 0.02; 0.00; 0.00
62737752.835000; 0.03; 0.00; 0.00
62752851.752000; 0.03; 0.00; 0.00
62768017.157000; 0.03; 0.00; 0.00
62785015.756000; 0.03; 0.00; 0.00
62800930.348000; 0.03; 0.00; 0.00
62817119.207000; 0.03; 0.00; 0.00
62832761.908000; 0.03; 0.00; 0.00
62848858.158000; 0.03; 0.00; 0.00
62865184.744000; 0.03; 0.00; 0.00
62880922.428000; 0.03; 0.00; 0.00
62896734.913000; 0.04; 0.00; 0.00
62912746.864000; 0.04; 0.00; 0.00
62928749.317000; 0.04; 0.00; 0.00
62944318.405000; 0.04; 0.00; 0.00
62962628.972000; 0.04; 0.00; 0.00
62977181.729000; 0.04; 0.00; 0.00
62992640.398000; 0.04; 0.00; 0.00
63008452.883000; 0.04; 0.00; 0.00
63024648.866000; 0.04; 0.00; 0.00
63040721.369000; 0.05; 0.00; 0.00
63058745.797000; 0.05; 0.00; 0.00
63073277.183000; 0.05; 0.00; 0.00
63088737.039000; 0.05; 0.00; 0.00
63103871.574000; 0.05; 0.00; 0.00
63121162.249000; 0.05; 0.00; 0.00
63136907.058000; 0.05; 0.00; 0.00
63152770.596000; 0.05; 0.00; 0.00
63168191.271000; 0.05; 0.00; 0.00
63187039.686000; 0.06; 0.00; 0.00
63201844.152000; 0.06; 0.00; 0.00
63216996.496000; 0.06; 0.00; 0.00
63234897.445000; 0.06; 0.00; 0.00
63249574.869000; 0.06; 0.00; 0.00
63264766.394000; 0.06; 0.00; 0.00
63283601.749000; 0.06; 0.00; 0.00
63298237.618000; 0.06; 0.00; 0.00
63313661.855000; 0.06; 0.00; 0.00
63328536.371000; 0.06; 0.00; 0.00
63344895.014000; 0.07; 0.00; 0.00
63361722.642000; 0.07; 0.00; 0.00
63377152.815000; 0.07; 0.00; 0.00
63392960.550000; 0.07; 0.00; 0.00
63411678.362000; 0.07; 0.00; 0.00
63426733.348000; 0.07; 0.00; 0.00
63441403.649000; 0.07; 0.00; 0.00
63456468.133000; 0.07; 0.00; 0.00
63475518.389000; 0.07; 0.00; 0.00
63487858.016000; 0.07; 0.00; 0.00
63505494.196000; 0.08; 0.00; 0.00
63520876.878000; 0.08; 0.00; 0.00
63536178.823000; 0.08; 0.00; 0.00
63552360.558000; 0.08; 0.00; 0.00
63570447.913000; 0.08; 0.00; 0.00
63585638.251000; 0.08; 0.00; 0.00
63600823.840000; 0.08; 0.00; 0.00
63616853.601000; 0.08; 0.00; 0.00
63632968.847000; 0.08; 0.00; 0.00
63651819.637000; 0.09; 0.00; 0.00
63667059.842000; 0.09; 0.00; 0.00
63682867.578000; 0.09; 0.00; 0.00
63698741.802000; 0.09; 0.00; 0.00
63714800.058000; 0.09; 0.00; 0.00
63731150.390000; 0.09; 0.00; 0.00
63747729.872000; 0.09; 0.00; 0.00
63763530.483000; 0.09; 0.00; 0.00
63778757.628000; 0.09; 0.00; 0.00
63793639.268000; 0.10; 0.00; 0.00
63808586.209000; 0.10; 0.00; 0.00
63827022.631000; 0.10; 0.00; 0.00
63842733.007000; 0.10; 0.00; 0.00
63857972.025000; 0.10; 0.00; 0.00
63873859.310000; 0.10; 0.00; 0.00
63889764.404000; 0.10; 0.00; 0.00
63906017.377000; 0.10; 0.00; 0.00
63921739.627000; 0.10; 0.00; 0.00
63937408.448000; 0.10; 0.00; 0.00
63952814.875000; 0.11; 0.00; 0.00
63968743.715000; 0.11; 0.00; 0.00
63984919.514000; 0.11; 0.00; 0.00
64000750.996000; 0.11; 0.00; 0.00
64016897.112000; 0.11; 0.00; 0.00
64033341.241000; 0.11; 0.00; 0.00
64048764.291000; 0.11; 0.00; 0.00
64065105.125000; 0.11; 0.00; 0.00
64081581.311000; 0.11; 0.00; 0.00
64096999.611000; 0.12; 0.00; 0.00
64116160.287000; 0.12; 0.00; 0.00
64131744.809000; 0.12; 0.00; 0.00
64145081.770000; 0.12; 0.00; 0.00
64161734.864000; 0.12; 0.00; 0.00
64177789.558000; 0.12; 0.00; 0.00
64194358.354000; 0.12; 0.00; 0.00
64209921.505000; 0.12; 0.00; 0.00
64224875.570000; 0.12; 0.00; 0.00
64240851.902000; 0.12; 0.00; 0.00
64256730.876000; 0.12; 0.00; 0.00
64272899.551000; 0.12; 0.00; 0.00
64289043.293000; 0.11; 0.00; 0.00
64304822.533000; 0.11; 0.00; 0.00
64321162.179000; 0.11; 0.00; 0.00
64337542.194000; 0.11; 0.00; 0.00
64353811.790000; 0.11; 0.00; 0.00
64369566.096000; 0.10; 0.00; 0.00
64385283.597000; 0.10; 0.00; 0.00
64401499.764000; 0.10; 0.00; 0.00
64416980.991000; 0.10; 0.00; 0.00
64433897.667000; 0.10; 0.00; 0.00
64449673.345000; 0.09; 0.00; 0.00
64465635.429000; 0.09; 0.00; 0.00
64482078.371000; 0.09; 0.00; 0.00
64497819.618000; 0.09; 0.00; 0.00
64513535.931000; 0.09; 0.00; 0.00
64530075.044000; 0.09; 0.00; 0.00
64545807.979000; 0.08; 0.00; 0.00
64561797.372000; 0.08; 0.00; 0.00
64578316.301000; 0.08; 0.00; 0.00
64593929.319000; 0.08; 0.00; 0.00
64610242.844000; 0.08; 0.00; 0.00
64626086.199000; 0.07; 0.00; 0.00
64641896.309000; 0.07; 0.00; 0.00
64657534.260000; 0.07; 0.00; 0.00
64672913.379000; 0.07; 0.00; 0.00
64688989.445000; 0.07; 0.00; 0.00
64705278.037000; 0.06; 0.00; 0.00
64720861.373000; 0.06; 0.00; 0.00
64736949.311000; 0.06; 0.00; 0.00
64753264.025000; 0.06; 0.00; 0.00
64768485.233000; 0.06; 0.00; 0.00
64787525.991000; 0.05; 0.00; 0.00
64800491.326000; 0.05; 0.00; 0.00
64816762.109000; 0.05; 0.00; 0.00
64833070.885000; 0.05; 0.00; 0.00
64849782.157000; 0.05; 0.00; 0.00
64866282.090000; 0.05; 0.00; 0.00
64881741.946000; 0.04; 0.00; 0.00
64897599.548000; 0.04; 0.00; 0.00
64914587.461000; 0.04; 0.00; 0.00
64929862.098000; 0.04; 0.00; 0.00
64945405.065000; 0.04; 0.00; 0.00
64960860.172000; 0.03; 0.00; 0.00
64977995.310000; 0.03; 0.00; 0.00
64994926.233000; 0.03; 0.00; 0.00
65011622.070000; 0.03; 0.00; 0.00
65026913.329000; 0.03; 0.00; 0.00
65042729.376000; 0.02; 0.00; 0.00
65058725.892000; 0.02; 0.00; 0.00
65074997.862000; 0.02; 0.00; 0.00
65089943.616000; 0.02; 0.00; 0.00
65106109.917000; 0.02; 0.00; 0.00
65121430.859000; 0.01; 0.00; 0.00
65137028.441000; 0.01; 0.00; 0.00
65152861.110000; 0.01; 0.00; 0.00
65168560.801000; 0.01; 0.00; 0.00
65187745.223000; 0.01; 0.00; 0.00
65200779.421000; 0.00; 0.00; 0.00
65216919.601000; 0.00; 0.00; 0.00
65234288.638000; 0.00; 0.00; 0.00
65250066.691000; 0.00; 0.00; 0.00
65265844.744000; 0.00; 0.00; 0.00
65281315.285000; 0.00; 0.00; 0.00
65296851.128000; 0.00; 0.00; 0.00
65312962.813000; 0.00; 0.00; 0.00
65329260.904000; 0.00; 0.00; 0.00
65345358.341000; 0.00; 0.00; 0.00
65360993.918000; 0.00; 0.00; 0.00
65380037.050000; 0.00; 0.00; 0.00
65393072.436000; 0.00; 0.00; 0.00
65408741.257000; 0.00; 0.00; 0.00
65424861.253000; 0.00; 0.00; 0.00
65440904.074000; 0.00; 0.00; 0.00
65457823.123000; 0.00; 0.00; 0.00
65473662.916000; 0.00; 0.00; 0.00
65490092.797000; 0.00; 0.00; 0.00
65505804.361000; 0.00; 0.00; 0.00
65521838.871000; 0.00; 0.00; 0.00
65538128.651000; 0.00; 0.00; 0.00
65553678.742000; 0.00; 0.00; 0.00
65569441.360000; 0.00; 0.00; 0.00
65585084.060000; 0.00; 0.00; 0.00
65600598.532000; 0.00; 0.00; 0.00
65619051.576000; 0.00; 0.00; 0.00
65635222.625000; 0.00; 0.00; 0.00
65651041.046000; 0.00; 0.00; 0.00
65666680.185000; 0.00; 0.00; 0.00
65683574.301000; 0.00; 0.00; 0.00
65698953.421000; 0.00; 0.00; 0.00
65714585.435000; 0.00; 0.00; 0.00
65730380.110000; 0.00; 0.00; 0.00
65745698.677000; 0.00; 0.00; 0.00
65761119.352000; 0.00; 0.00; 0.00
65776718.123000; 0.00; 0.00; 0.00
65795381.319000; 0.00; 0.00; 0.00
65810412.559000; 0.00; 0.00; 0.00
65825278.764000; 0.00; 0.00; 0.00
65840807.483000; 0.00; 0.00; 0.00
65856318.393000; 0.00; 0.00; 0.00
65872862.255000; 0.00; 0.00; 0.00
65888527.515000; 0.00; 0.00; 0.00
65904749.618000; 0.00; 0.00; 0.00
65920956.287000; 0.00; 0.00; 0.00
65936915.997000; 0.00; 0.00; 0.00
65952314.113000; 0.00; 0.00; 0.00
65970788.528000; 0.00; 0.00; 0.00
65985880.321000; 0.00; 0.00; 0.00
66001925.516000; 0.00; 0.00; 0.00
66016567.321000; 0.00; 0.00; 0.00
66033111.184000; 0.00; 0.00; 0.00
66051673.459000; 0.00; 0.00; 0.00
66066424.496000; 0.00; 0.00; 0.00
66081639.768000; 0.00; 0.00; 0.00
66096732.747000; 0.00; 0.00; 0.00
66112913.295000; 0.00; 0.00; 0.00
66128959.678000; 0.00; 0.00; 0.00
66144448.030000; 0.00; 0.00; 0.00
66161058.381000; 0.00; 0.00; 0.00
66177938.250000; 0.00; 0.00; 0.00
66193502.588000; 0.00; 0.00; 0.00
66208736.857000; 0.00; 0.00; 0.00
66227129.348000; 0.00; 0.00; 0.00
66242570.207000; 0.00; 0.00; 0.00
66258354.196000; 0.00; 0.00; 0.00
66273242.960000; 0.00; 0.00; 0.00
66289019.826000; 0.00; 0.00; 0.00
66304439.313000; 0.00; 0.00; 0.00
66322658.459000; 0.00; 0.00; 0.00
66337730.067000; 0.00; 0.00; 0.00
66354097.021000; 0.00; 0.00; 0.00
66369514.134000; 0.00; 0.00; 0.00
66385381.235000; 0.00; 0.00; 0.00
66400819.719000; 0.00; 0.00; 0.00
66416959.899000; 0.00; 0.00; 0.00
66432094.434000; 0.00; 0.00; 0.00
66451860.634000; 0.00; 0.00; 0.00
66466878.813000; 0.00; 0.00; 0.00
66482793.406000; 0.00; 0.00; 0.00
66498107.224000; 0.00; 0.00; 0.00
66513369.988000; 0.00; 0.00; 0.00
66531703.114000; 0.00; 0.00; 0.00
66544615.020000; 0.00; 0.00; 0.00
66563109.619000; 0.00; 0.00; 0.00
66577676.624000; 0.00; 0.00; 0.00
66592921.579000; 0.00; 0.00; 0.00
66609730.209000; 0.00; 0.00; 0.00
66624988.224000; 0.00; 0.00; 0.00
66640893.318000; 0.00; 0.00; 0.00
66656612.006000; 0.00; 0.00; 0.00
66672587.151000; 0.00; 0.00; 0.00
66688739.203000; 0.00; 0.00; 0.00
66707130.507000; 0.00; 0.00; 0.00
66722072.700000; 0.00; 0.00; 0.00
66738179.635000; 0.00; 0.00; 0.00
66753554.005000; 0.00; 0.00; 0.00
66769098.160000; 0.00; 0.00; 0.00
66784389.419000; 0.00; 0.00; 0.00
66802707.110000; 0.00; 0.00; 0.00
66817497.328000; 0.00; 0.00; 0.00
66832896.631000; 0.00; 0.00; 0.00
66849539.040000; 0.00; 0.00; 0.00
66866073.404000; 0.00; 0.00; 0.00
66881325.482000; 0.00; 0.00; 0.00
66896527.693000; 0.00; 0.00; 0.00
66915993.505000; 0.00; 0.00; 0.00
66928697.634000; 0.00; 0.00; 0.00
66946699.503000; 0.00; 0.00; 0.00
66961759.238000; 0.00; 0.00; 0.00
66977076.618000; 0.00; 0.00; 0.00
66992440.302000; 0.00; 0.00; 0.00
67010748.495000; 0.00; 0.00; 0.00
67026135.926000; 0.00; 0.00; 0.00
67041771.502000; 0.00; 0.00; 0.00
67057510.374000; 0.00; 0.00; 0.00
67073031.970000; 0.00; 0.00; 0.00
67088495.387000; 0.00; 0.00; 0.00
67104192.704000; 0.00; 0.00; 0.00
67120735.379000; 0.00; 0.00; 0.00
67136989.540000; 0.00; 0.00; 0.00
67152353.224000; 0.00; 0.00; 0.00
67170854.947000; 0.00; 0.00; 0.00
67186007.292000; 0.00; 0.00; 0.00
67202084.545000; 0.00; 0.00; 0.00
67216951.937000; 0.00; 0.00; 0.00
67232583.952000; 0.00; 0.00; 0.00
67248251.586000; 0.00; 0.00; 0.00
67266635.766000; -0.00; 0.00; 0.00
67282127.679000; -0.00; 0.00; 0.00
67296920.271000; -0.00; 0.00; 0.00
67313151.873000; -0.00; 0.00; 0.00
67328966.732000; -0.00; 0.00; 0.00
67344577.376000; -0.01; 0.00; 0.00
67360694.997000; -0.01; 0.00; 0.00
67376993.088000; -0.01; 0.00; 0.00
67392682.093000; -0.01; 0.00; 0.00
67408298.672000; -0.01; 0.00; 0.00
67424032.795000; -0.01; 0.00; 0.00
67442473.966000; -0.01; 0.00; 0.00
67458199.777000; -0.01; 0.00; 0.00
67474026.509000; -0.01; 0.00; 0.00
67489146.797000; -0.02; 0.00; 0.00
67504859.548000; -0.02; 0.00; 0.00
67520845.379000; -0.02; 0.00; 0.00
67536017.908000; -0.02; 0.00; 0.00
67552158.088000; -0.02; 0.00; 0.00
67568522.667000; -0.02; 0.00; 0.00
67584528.682000; -0.02; 0.00; 0.00
67602473.561000; -0.02; 0.00; 0.00
67617098.743000; -0.02; 0.00; 0.00
67632976.530000; -0.02; 0.00; 0.00
67648702.341000; -0.03; 0.00; 0.00
67664824.711000; -0.03; 0.00; 0.00
67681070.561000; -0.03; 0.00; 0.00
67697609.674000; -0.03; 0.00; 0.00
67713695.238000; -0.03; 0.00; 0.00
67729518.408000; -0.03; 0.00; 0.00
67744912.963000; -0.03; 0.00; 0.00
67760491.549000; -0.03; 0.00; 0.00
67775801.805000; -0.03; 0.00; 0.00
67793712.252000; -0.04; 0.00; 0.00
67810992.241000; -0.04; 0.00; 0.00
67825601.989000; -0.04; 0.00; 0.00
67840259.229000; -0.04; 0.00; 0.00
67857869.288000; -0.04; 0.00; 0.00
67873178.357000; -0.04; 0.00; 0.00
67890562.829000; -0.04; 0.00; 0.00
67905267.561000; -0.04; 0.00; 0.00
67921164.344000; -0.04; 0.00; 0.00
67936855.724000; -0.04; 0.00; 0.00
67952275.211000; -0.05; 0.00; 0.00
67968969.861000; -0.05; 0.00; 0.00
67985282.200000; -0.05; 0.00; 0.00
68001162.360000; -0.05; 0.00; 0.00
68017407.023000; -0.05; 0.00; 0.00
68032911.996000; -0.05; 0.00; 0.00
68049125.789000; -0.05; 0.00; 0.00
68065870.305000; -0.05; 0.00; 0.00
68080839.805000; -0.05; 0.00; 0.00
68099114.754000; -0.06; 0.00; 0.00
68114620.914000; -0.06; 0.00; 0.00
68130205.437000; -0.06; 0.00; 0.00
68145747.217000; -0.06; 0.00; 0.00
68161097.841000; -0.06; 0.00; 0.00
68176497.145000; -0.06; 0.00; 0.00
68194829.083000; -0.06; 0.00; 0.00
68210732.990000; -0.06; 0.00; 0.00
68225121.900000; -0.06; 0.00; 0.00
68240636.372000; -0.06; 0.00; 0.00
68256628.139000; -0.07; 0.00; 0.00
68273535.316000; -0.07; 0.00; 0.00
68289125.775000; -0.07; 0.00; 0.00
68305281.389000; -0.07; 0.00; 0.00
68320795.861000; -0.07; 0.00; 0.00
68338855.908000; -0.07; 0.00; 0.00
68353473.967000; -0.07; 0.00; 0.00
68368946.883000; -0.07; 0.00; 0.00
68384520.720000; -0.07; 0.00; 0.00
68400258.405000; -0.08; 0.00; 0.00
68418020.439000; -0.08; 0.00; 0.00
68433093.234000; -0.08; 0.00; 0.00
68449284.468000; -0.08; 0.00; 0.00
68467394.381000; -0.08; 0.00; 0.00
68482254.650000; -0.08; 0.00; 0.00
68496934.449000; -0.08; 0.00; 0.00
68512527.282000; -0.08; 0.00; 0.00
68531139.424000; -0.08; 0.00; 0.00
68545832.283000; -0.08; 0.00; 0.00
68560997.689000; -0.09; 0.00; 0.00
68576928.903000; -0.09; 0.00; 0.00
68592308.023000; -0.09; 0.00; 0.00
68610522.419000; -0.09; 0.00; 0.00
68625408.808000; -0.09; 0.00; 0.00
68641227.229000; -0.09; 0.00; 0.00
68657184.564000; -0.09; 0.00; 0.00
68673089.658000; -0.09; 0.00; 0.00
68688131.584000; -0.09; 0.00; 0.00
68706691.485000; -0.10; 0.00; 0.00
68723021.633000; -0.10; 0.00; 0.00
68738789.000000; -0.10; 0.00; 0.00
68754080.259000; -0.10; 0.00; 0.00
68769029.575000; -0.10; 0.00; 0.00
68784845.622000; -0.10; 0.00; 0.00
68800219.992000; -0.10; 0.00; 0.00
68816348.299000; -0.10; 0.00; 0.00
68833950.047000; -0.10; 0.00; 0.00
68848321.147000; -0.10; 0.00; 0.00
68866853.740000; -0.11; 0.00; 0.00
68882680.472000; -0.11; 0.00; 0.00
68897042.074000; -0.11; 0.00; 0.00
68911990.203000; -0.11; 0.00; 0.00
68929875.716000; -0.11; 0.00; 0.00
68944806.036000; -0.11; 0.00; 0.00
68960373.936000; -0.11; 0.00; 0.00
68978348.497000; -0.11; 0.00; 0.00
68993847.534000; -0.11; 0.00; 0.00
69009167.288000; -0.12; 0.00; 0.00
69024768.433000; -0.12; 0.00; 0.00
69041176.943000; -0.12; 0.00; 0.00
69056962.120000; -0.12; 0.00; 0.00
69073089.239000; -0.12; 0.00; 0.00
69089072.695000; -0.12; 0.00; 0.00
69104856.685000; -0.12; 0.00; 0.00
69121744.864000; -0.12; 0.00; 0.00
69138185.432000; -0.12; 0.00; 0.00
69153466.005000; -0.13; 0.00; 0.00
69169604.998000; -0.13; 0.00; 0.00
69186305.584000; -0.13; 0.00; 0.00
69201786.811000; -0.13; 0.00; 0.00
69217370.146000; -0.13; 0.00; 0.00
69235491.933000; -0.13; 0.00; 0.00
69251026.589000; -0.13; 0.00; 0.00
69266842.635000; -0.12; 0.00; 0.00
69282911.577000; -0.12; 0.00; 0.00
69299274.970000; -0.12; 0.00; 0.00
69314832.184000; -0.12; 0.00; 0.00
69330183.996000; -0.12; 0.00; 0.00
69347009.249000; -0.11; 0.00; 0.00
69363737.143000; -0.11; 0.00; 0.00
69379093.703000; -0.11; 0.00; 0.00
69395074.785000; -0.11; 0.00; 0.00
69410840.965000; -0.11; 0.00; 0.00
69426817.297000; -0.10; 0.00; 0.00
69442731.889000; -0.10; 0.00; 0.00
69458659.542000; -0.10; 0.00; 0.00
69474385.354000; -0.10; 0.00; 0.00
69489908.137000; -0.10; 0.00; 0.00
69505601.891000; -0.10; 0.00; 0.00
69522272.795000; -0.09; 0.00; 0.00
69538151.768000; -0.09; 0.00; 0.00
69552408.887000; -0.09; 0.00; 0.00
69568233.245000; -0.09; 0.00; 0.00
69584128.841000; -0.09; 0.00; 0.00
69600507.668000; -0.08; 0.00; 0.00
69618752.934000; -0.08; 0.00; 0.00
69635103.266000; -0.08; 0.00; 0.00
69650679.478000; -0.08; 0.00; 0.00
69666529.956000; -0.08; 0.00; 0.00
69683137.933000; -0.07; 0.00; 0.00
69698730.766000; -0.07; 0.00; 0.00
69714842.451000; -0.07; 0.00; 0.00
69731095.424000; -0.07; 0.00; 0.00
69747182.176000; -0.07; 0.00; 0.00
69762600.476000; -0.06; 0.00; 0.00
69779751.050000; -0.06; 0.00; 0.00
69792979.966000; -0.06; 0.00; 0.00
69809795.720000; -0.06; 0.00; 0.00
69825887.220000; -0.06; 0.00; 0.00
69841689.019000; -0.05; 0.00; 0.00
69858268.501000; -0.05; 0.00; 0.00
69873876.769000; -0.05; 0.00; 0.00
69889914.841000; -0.05; 0.00; 0.00
69906224.805000; -0.05; 0.00; 0.00
69921873.442000; -0.05; 0.00; 0.00
69937624.187000; -0.04; 0.00; 0.00
69953747.745000; -0.04; 0.00; 0.00
69969727.639000; -0.04; 0.00; 0.00
69985801.330000; -0.04; 0.00; 0.00
70002087.548000; -0.04; 0.00; 0.00
70017699.378000; -0.03; 0.00; 0.00
70033887.050000; -0.03; 0.00; 0.00
70050397.668000; -0.03; 0.00; 0.00
70065922.826000; -0.03; 0.00; 0.00
70082643.596000; -0.03; 0.00; 0.00
70098776.652000; -0.02; 0.00; 0.00
70115150.730000; -0.02; 0.00; 0.00
70130978.650000; -0.02; 0.00; 0.00
70147719.604000; -0.02; 0.00; 0.00
70163748.178000; -0.02; 0.00; 0.00
70179897.856000; -0.01; 0.00; 0.00
70193145.769000; -0.01; 0.00; 0.00
70208882.266000; -0.01; 0.00; 0.00
70226719.100000; -0.01; 0.00; 0.00
70242114.842000; -0.01; 0.00; 0.00
70257862.024000; -0.01; 0.00; 0.00
70274745.455000; -0.01; 0.00; 0.00
70290280.111000; -0.01; 0.00; 0.00
70305819.516000; -0.01; 0.00; 0.00
70321732.921000; -0.01; 0.00; 0.00
70337134.600000; -0.01; 0.00; 0.00
70353418.443000; -0.01; 0.00; 0.00
70369266.547000; -0.01; 0.00; 0.00
70385214.384000; -0.01; 0.00; 0.00
70400741.916000; -0.01; 0.00; 0.00
70419730.432000; -0.01; 0.00; 0.00
70433177.812000; -0.01; 0.00; 0.00
70448888.188000; -0.01; 0.00; 0.00
70464788.533000; -0.01; 0.00; 0.00
70481717.081000; -0.01; 0.00; 0.00
70498143.401000; -0.01; 0.00; 0.00
70513954.698000; -0.01; 0.00; 0.00
70529428.802000; -0.01; 0.00; 0.00
70546105.642000; -0.01; 0.00; 0.00
70561941.873000; -0.01; 0.00; 0.00
70577919.392000; -0.01; 0.00; 0.00
70593880.289000; -0.01; 0.00; 0.00
70609761.637000; -0.01; 0.00; 0.00
70625187.062000; -0.01; 0.00; 0.00
70640739.527000; -0.01; 0.00; 0.00
70660413.117000; -0.01; 0.00; 0.00
70672553.277000; -0.01; 0.00; 0.00
70688526.047000; -0.01; 0.00; 0.00
70706857.986000; -0.01; 0.00; 0.00
70721049.804000; -0.01; 0.00; 0.00
70736775.615000; -0.01; 0.00; 0.00
70752666.462000; -0.00; 0.00; 0.00
70768116.819000; -0.00; 0.00; 0.00
70784216.631000; -0.00; 0.00; 0.00
70803922.278000; -0.00; 0.00; 0.00
70816977.848000; -0.00; 0.00; 0.00
70832945.869000; -0.00; 0.00; 0.00
70848843.839000; -0.00; 0.00; 0.00
70865055.257000; -0.00; 0.00; 0.00
70880734.764000; -0.00; 0.00; 0.00
70896991.299000; -0.00; 0.00; 0.00
70913606.400000; -0.00; 0.00; 0.00
70929896.180000; -0.00; 0.00; 0.00
70945735.972000; -0.00; 0.00; 0.00
70960998.736000; -0.00; 0.00; 0.00
70977952.217000; -0.00; 0.00; 0.00
70993833.565000; -0.00; 0.00; 0.00
71010650.507000; -0.00; 0.00; 0.00
71024733.093000; -0.00; 0.00; 0.00
71040796.098000; -0.00; 0.00; 0.00
71056977.834000; -0.00; 0.00; 0.00
71072887.677000; -0.00; 0.00; 0.00
71089746.174000; -0.00; 0.00; 0.00
71105051.681000; -0.00; 0.00; 0.00
71121863.874000; -0.00; 0.00; 0.00
71137722.663000; -0.00; 0.00; 0.00
71154423.249000; -0.00; 0.00; 0.00
71169919.912000; -0.00; 0.00; 0.00
71185325.152000; -0.00; 0.00; 0.00
71200736.328000; -0.00; 0.00; 0.00
71218227.657000; -0.00; 0.00; 0.00
71232304.307000; -0.00; 0.00; 0.00
71249817.007000; -0.00; 0.00; 0.00
71265856.267000; -0.00; 0.00; 0.00
71281882.466000; -0.00; 0.00; 0.00
71297763.814000; -0.00; 0.00; 0.00
71313845.816000; -0.00; 0.00; 0.00
71328395.011000; -0.00; 0.00; 0.00
71344737.032000; -0.00; 0.00; 0.00
71360874.837000; -0.00; 0.00; 0.00
71376486.668000; -0.00; 0.00; 0.00
71394429.172000; -0.00; 0.00; 0.00
71408892.882000; -0.00; 0.00; 0.00
71424403.792000; -0.00; 0.00; 0.00
71440101.108000; -0.00; 0.00; 0.00
71457869.078000; -0.00; 0.00; 0.00
71472317.353000; -0.00; 0.00; 0.00
71490092.447000; -0.00; 0.00; 0.00
71504486.106000; -0.00; 0.00; 0.00
71522175.715000; -0.00; 0.00; 0.00
71536494.574000; -0.00; 0.00; 0.00
71554268.481000; -0.00; 0.00; 0.00
71568698.946000; -0.00; 0.00; 0.00
71586405.177000; -0.00; 0.00; 0.00
71600708.601000; -0.00; 0.00; 0.00
71618273.543000; -0.00; 0.00; 0.00
71632801.367000; -0.00; 0.00; 0.00
71648055.820000; -0.00; 0.00; 0.00
71665843.975000; -0.00; 0.00; 0.00
71680415.729000; -0.00; 0.00; 0.00
71698249.001000; -0.00; 0.00; 0.00
71712743.581000; -0.00; 0.00; 0.00
71727984.973000; -0.00; 0.00; 0.00
71745590.283000; -0.00; 0.00; 0.00
71760912.412000; -0.00; 0.00; 0.00
71777426.592000; -0.00; 0.00; 0.00
71792733.286000; -0.00; 0.00; 0.00
71808830.723000; -0.00; 0.00; 0.00
71825221.423000; -0.00; 0.00; 0.00
71840778.638000; -0.00; 0.00; 0.00
71856922.380000; -0.00; 0.00; 0.00
71872740.801000; -0.00; 0.00; 0.00
71888736.130000; -0.00; 0.00; 0.00
71904979.605000; -0.00; 0.00; 0.00
71921173.213000; -0.00; 0.00; 0.00
71936787.418000; -0.00; 0.00; 0.00
71953402.519000; -0.00; 0.00; 0.00
71969117.645000; -0.00; 0.00; 0.00
71984521.698000; -0.00; 0.00; 0.00
72001061.998000; -0.00; 0.00; 0.00
72017024.083000; -0.00; 0.00; 0.00
72032994.478000; -0.00; 0.00; 0.00
72049695.065000; -0.00; 0.00; 0.00
72066520.317000; -0.00; 0.00; 0.00
72081760.523000; -0.00; 0.00; 0.00
72097600.315000; -0.00; 0.00; 0.00
72113805.796000; -0.00; 0.00; 0.00
72130397.151000; -0.00; 0.00; 0.00
72146943.388000; -0.00; 0.00; 0.00
72162030.431000; -0.00; 0.00; 0.00
72177914.154000; -0.00; 0.00; 0.00
72194013.965000; -0.00; 0.00; 0.00
72210681.307000; -0.00; 0.00; 0.00
72225729.169000; -0.00; 0.00; 0.00
72241559.463000; -0.00; 0.00; 0.00
72257428.938000; -0.00; 0.00; 0.00
72272778.375000; -0.00; 0.00; 0.00
72288847.317000; -0.00; 0.00; 0.00
72304631.306000; -0.00; 0.00; 0.00
72320639.696000; -0.00; 0.00; 0.00
72336328.701000; -0.00; 0.00; 0.00
72352705.154000; -0.00; 0.00; 0.00
72368892.826000; -0.00; 0.00; 0.00
72384588.955000; -0.00; 0.00; 0.00
72400726.760000; -0.00; 0.00; 0.00
72416681.721000; -0.00; 0.00; 0.00
72432998.808000; -0.00; 0.00; 0.00
72449102.182000; -0.00; 0.00; 0.00
72466093.657000; -0.00; 0.00; 0.00
72481497.710000; -0.00; 0.00; 0.00
72497278.137000; -0.00; 0.00; 0.00
72514002.469000; -0.00; 0.00; 0.00
72529780.522000; -0.00; 0.00; 0.00
72545741.420000; -0.00; 0.00; 0.00
72560980.437000; -0.00; 0.00; 0.00
72579388.363000; -0.00; 0.00; 0.00
72595409.813000; -0.00; 0.00; 0.00
72610354.380000; -0.00; 0.00; 0.00
72625519.785000; -0.00; 0.00; 0.00
72641151.800000; -0.00; 0.00; 0.00
72656750.570000; -0.00; 0.00; 0.00
72672853.944000; -0.00; 0.00; 0.00
72689074.860000; -0.00; 0.00; 0.00
72704034.862000; -0.00; 0.00; 0.00
72720761.569000; -0.00; 0.00; 0.00
72736836.447000; -0.00; 0.00; 0.00
72752962.379000; -0.00; 0.00; 0.00
72768499.410000; -0.00; 0.00; 0.00
72784349.888000; -0.00; 0.00; 0.00
72800127.941000; -0.00; 0.00; 0.00
72817033.930000; -0.00; 0.00; 0.00
72833608.662000; -0.00; 0.00; 0.00
72850039.731000; -0.00; 0.00; 0.00
72865443.784000; -0.00; 0.00; 0.00
72881126.853000; -0.00; 0.00; 0.00
72897250.410000; -0.00; 0.00; 0.00
72913696.914000; -0.00; 0.00; 0.00
72929264.814000; -0.00; 0.00; 0.00
72944996.562000; -0.00; 0.00; 0.00
72961657.968000; -0.00; 0.00; 0.00
72977749.468000; -0.00; 0.00; 0.00
72994029.749000; -0.00; 0.00; 0.00
73009824.424000; -0.00; 0.00; 0.00
73025736.642000; -0.00; 0.00; 0.00
73041730.784000; -0.00; 0.00; 0.00
73057739.173000; -0.00; 0.00; 0.00
73072885.582000; -0.00; 0.00; 0.00
73088749.120000; -0.00; 0.00; 0.00
73105065.021000; -0.00; 0.00; 0.00
73120871.569000; -0.00; 0.00; 0.00
73136517.831000; -0.00; 0.00; 0.00
73152817.109000; -0.00; 0.00; 0.00
73168956.102000; -0.00; 0.00; 0.00
73184949.056000; -0.00; 0.00; 0.00
73200520.518000; -0.00; 0.00; 0.00
73216858.978000; -0.00; 0.00; 0.00
73234396.612000; -0.00; 0.00; 0.00
73249772.169000; -0.00; 0.00; 0.00
73265870.793000; -0.00; 0.00; 0.00
73282146.326000; -0.00; 0.00; 0.00
73297444.709000; -0.00; 0.00; 0.00
73313792.666000; -0.00; 0.00; 0.00
73330176.243000; -0.00; 0.00; 0.00
73345740.581000; -0.00; 0.00; 0.00
73361185.002000; -0.00; 0.00; 0.00
73377916.458000; -0.00; 0.00; 0.00
73393739.629000; -0.00; 0.00; 0.00
73409170.989000; -0.00; 0.00; 0.00
73424887.302000; -0.00; 0.00; 0.00
73444665.375000; -0.00; 0.00; 0.00
73456953.948000; -0.00; 0.00; 0.00
73473818.382000; -0.00; 0.00; 0.00
73489524.009000; -0.00; 0.00; 0.00
73505139.402000; -0.00; 0.00; 0.00
73520736.984000; -0.00; 0.00; 0.00
73536744.187000; -0.00; 0.00; 0.00
73553336.728000; -0.00; 0.00; 0.00
73568982.991000; -0.00; 0.00; 0.00
73585397.437000; -0.00; 0.00; 0.00
73601038.950000; -0.00; 0.00; 0.00
73616813.441000; -0.00; 0.00; 0.00
73633762.173000; -0.00; 0.00; 0.00
73650364.214000; -0.00; 0.00; 0.00
73666017.600000; -0.00; 0.00; 0.00
73682233.767000; -0.00; 0.00; 0.00
73697847.972000; -0.00; 0.00; 0.00
73713303.079000; -0.00; 0.00; 0.00
73729759.081000; -0.00; 0.00; 0.00
73746245.953000; -0.00; 0.00; 0.00
73761872.031000; -0.00; 0.00; 0.00
73777638.211000; -0.00; 0.00; 0.00
73793652.537000; -0.00; 0.00; 0.00
73808798.945000; -0.00; 0.00; 0.00
73824662.483000; -0.00; 0.00; 0.00
73841232.466000; -0.00; 0.00; 0.00
73857538.868000; -0.00; 0.00; 0.00
73873744.350000; -0.00; 0.00; 0.00
73890211.038000; -0.00; 0.00; 0.00
73905898.856000; -0.00; 0.00; 0.00
73921885.873000; -0.00; 0.00; 0.00
73938766.930000; -0.00; 0.00; 0.00
73955190.875000; -0.00; 0.00; 0.00
73970707.721000; -0.00; 0.00; 0.00
73985913.494000; -0.00; 0.00; 0.00
74001721.230000; -0.00; 0.00; 0.00
74016481.765000; -0.00; 0.00; 0.00
74032107.843000; -0.00; 0.00; 0.00
74048730.067000; -0.00; 0.00; 0.00
74064927.238000; -0.00; 0.00; 0.00
74083228.307000; -0.00; 0.00; 0.00
74096441.788000; -0.00; 0.00; 0.00
74112251.898000; -0.00; 0.00; 0.00
74130689.506000; -0.00; 0.00; 0.00
74145914.276000; -0.00; 0.00; 0.00
74160824.412000; -0.00; 0.00; 0.00
74179678.763000; -0.00; 0.00; 0.00
74194867.914000; -0.00; 0.00; 0.00
74210814.564000; -0.00; 0.00; 0.00
74225266.401000; -0.00; 0.00; 0.00
74239749.107000; -0.00; 0.00; 0.00
74257720.107000; -0.00; 0.00; 0.00
74272512.699000; -0.00; 0.00; 0.00
74290535.939000; -0.00; 0.00; 0.00
74305898.436000; -0.00; 0.00; 0.00
74321093.524000; -0.00; 0.00; 0.00
74336887.012000; -0.00; 0.00; 0.00
